$GLGSV,2,1,07,69,18,138,22,70,84,088,18,71,42,329,20,73,57,232,*60
$GLGSV,2,2,07,74,10,221,,79,08,037,,80,60,026,27*5C
$GLGSV,2,1,07,69,18,138,24,70,84,088,19,71,42,329,21,73,57,232,*66
$GLGSV,2,2,07,74,10,221,,79,08,037,,80,60,026,28*53
$GLGSV,2,1,07,69,18,138,23,70,84,088,18,71,42,329,20,73,57,232,*61
$GLGSV,2,2,07,74,10,221,,79,08,037,,80,60,026,27*5C
$GLGSV,2,1,07,69,18,138,21,70,84,088,18,71,42,329,18,73,57,232,07*6F
$GLGSV,2,2,07,74,10,221,,79,08,037,,80,60,026,27*5C
$GLGSV,2,1,07,69,18,138,20,70,84,088,18,71,42,329,16,73,57,232,12*64
$GLGSV,2,2,07,74,10,221,,79,08,037,,80,60,026,25*5E
$GLGSV,2,1,07,69,18,138,21,70,84,088,18,71,42,329,14,73,57,232,14*61
$GLGSV,2,2,07,74,10,221,,79,08,037,,80,60,026,26*5D
$GLGSV,2,1,07,69,18,138,21,70,84,088,18,71,42,329,15,73,57,232,12*66
$GLGSV,2,2,07,74,10,221,,79,08,037,,80,60,026,26*5D
$GLGSV,2,1,07,69,18,138,22,70,84,088,18,71,42,329,18,73,57,232,09*62
$GLGSV,2,2,07,74,10,221,,79,08,037,,80,60,026,26*5D
$GLGSV,2,1,07,69,18,138,22,70,84,088,18,71,42,329,18,73,57,232,08*63
$GLGSV,2,2,07,74,10,221,,79,08,037,,80,60,026,25*5E
$GLGSV,2,1,07,69,18,138,22,70,84,088,18,71,42,329,18,73,57,232,08*63
$GLGSV,2,2,07,74,10,221,,79,08,037,,80,60,026,26*5D
$GLGSV,2,1,07,69,18,138,21,70,84,088,18,71,42,329,15,73,57,232,08*6D
$GLGSV,2,2,07,74,10,221,,79,08,037,,80,60,026,26*5D
$GLGSV,2,1,07,69,18,138,21,70,84,088,18,71,42,329,15,73,57,232,08*6D
$GLGSV,2,2,07,74,10,221,,79,08,037,,80,60,026,26*5D
$GLGSV,2,1,07,69,18,138,21,70,84,088,18,71,42,329,16,73,57,232,08*6E
$GLGSV,2,2,07,74,10,221,,79,08,037,,80,60,026,27*5C
$GLGSV,2,1,07,69,18,138,21,70,84,088,19,71,42,329,17,73,57,232,08*6E
$GLGSV,2,2,07,74,10,221,,79,08,037,,80,60,026,27*5C
$GLGSV,2,1,07,69,18,138,22,70,84,088,19,71,42,329,17,73,57,232,09*6C
$GLGSV,2,2,07,74,10,221,,79,08,037,,80,60,026,27*5C
$GLGSV,2,1,07,69,18,138,21,70,84,088,19,71,42,329,16,73,57,232,10*66
$GLGSV,2,2,07,74,10,221,,79,08,037,,80,60,026,27*5C
$GLGSV,2,1,07,69,18,138,20,70,84,088,18,71,42,329,16,73,57,232,*67
$GLGSV,2,2,07,74,10,221,,79,08,037,,80,60,026,26*5D
$GLGSV,2,1,07,69,18,138,19,70,84,088,18,71,42,329,13,73,57,232,*68
$GLGSV,2,2,07,74,10,221,,79,08,037,,80,60,026,26*5D
$GLGSV,2,1,07,69,18,138,20,70,84,088,18,71,42,329,09,73,57,232,*69
$GLGSV,2,2,07,74,10,221,,79,08,037,,80,60,026,25*5E
$GLGSV,2,1,07,69,17,138,19,70,84,088,18,71,42,329,08,73,57,232,*6D
$GLGSV,2,2,07,74,10,221,,79,08,037,,80,60,026,25*5E
$GLGSV,2,1,07,69,17,138,18,70,84,095,18,71,42,329,08,73,57,232,*60
$GLGSV,2,2,07,74,10,221,,79,08,037,,80,60,026,25*5E
$GLGSV,2,1,07,69,17,138,17,70,84,095,17,71,43,329,09,73,57,232,*60
$GLGSV,2,2,07,74,10,221,,79,08,037,,80,60,026,25*5E
$GLGSV,2,1,07,69,17,138,16,70,84,095,16,71,43,329,11,73,57,232,*69
$GLGSV,2,2,07,74,10,221,,79,08,037,,80,60,026,25*5E
$GLGSV,2,1,07,69,17,138,16,70,84,095,17,71,43,329,11,73,57,233,*69
$GLGSV,2,2,07,74,10,221,,79,08,037,,80,60,026,24*5F
$GLGSV,2,1,07,69,17,138,16,70,84,095,16,71,43,329,08,73,57,233,*60
$GLGSV,2,2,07,74,11,222,,79,08,037,,80,60,026,24*5D
$GLGSV,2,1,07,69,17,138,17,70,84,095,16,71,43,329,08,73,57,233,*61
$GLGSV,2,2,07,74,11,222,,79,08,037,,80,60,026,24*5D
$GLGSV,2,1,07,69,17,138,19,70,84,095,15,71,43,329,08,73,57,233,*6C
$GLGSV,2,2,07,74,11,222,,79,08,037,,80,60,026,24*5D
$GLGSV,2,1,07,69,17,138,19,70,84,095,16,71,43,329,08,73,57,233,*6F
$GLGSV,2,2,07,74,11,222,,79,08,037,,80,60,026,26*5F
$GLGSV,2,1,07,69,17,138,19,70,84,095,18,71,43,329,17,73,57,233,*6F
$GLGSV,2,2,07,74,11,222,,79,08,037,,80,60,026,27*5E
$GLGSV,2,1,07,69,17,138,19,70,84,095,19,71,43,329,17,73,57,233,05*6B
$GLGSV,2,2,07,74,11,222,,79,07,037,,80,60,026,27*51
$GLGSV,2,1,07,69,17,138,20,70,84,095,19,71,43,329,14,73,57,233,*67
$GLGSV,2,2,07,74,11,222,,79,07,037,,80,60,026,27*51
$GLGSV,2,1,07,69,17,138,21,70,84,095,18,71,43,329,14,73,57,233,*67
$GLGSV,2,2,07,74,11,222,,79,07,037,,80,60,026,27*51
$GLGSV,2,1,07,69,17,138,20,70,84,095,19,71,43,329,14,73,57,233,*67
$GLGSV,2,2,07,74,11,222,,79,07,037,,80,60,026,26*50
$GLGSV,2,1,07,69,17,138,20,70,84,095,19,71,43,329,14,73,57,233,*67
$GLGSV,2,2,07,74,11,222,,79,07,037,,80,60,026,26*50
$GLGSV,2,1,07,69,17,138,21,70,84,095,19,71,43,329,12,73,57,233,*60
$GLGSV,2,2,07,74,11,222,,79,07,037,,80,60,026,26*50
$GLGSV,2,1,07,69,17,138,22,70,84,095,18,71,43,329,12,73,57,233,20*60
$GLGSV,2,2,07,74,11,222,,79,07,037,,80,60,026,25*53
$GLGSV,2,1,07,69,17,138,22,70,84,095,18,71,43,329,12,73,57,233,21*61
$GLGSV,2,2,07,74,11,222,,79,07,037,,80,60,026,25*53
$GLGSV,2,1,07,69,17,138,22,70,84,095,18,71,43,329,,73,57,233,22*61
$GLGSV,2,2,07,74,11,222,,79,07,037,,80,60,026,25*53
$GLGSV,2,1,07,69,17,138,22,70,84,095,18,71,43,329,,73,57,233,21*62
$GLGSV,2,2,07,74,11,222,,79,07,037,,80,60,026,24*52
$GLGSV,2,1,07,69,17,138,22,70,84,095,18,71,43,329,,73,57,233,19*69
$GLGSV,2,2,07,74,11,222,,79,07,037,20,80,60,026,26*52
$GLGSV,2,1,07,69,17,138,22,70,84,095,18,71,43,329,,73,57,233,*61
$GLGSV,2,2,07,74,11,222,,79,07,037,20,80,60,026,26*52
$GLGSV,2,1,07,69,17,138,22,70,84,095,18,71,43,329,,73,57,233,*61
$GLGSV,2,2,07,74,11,222,,79,07,037,21,80,60,026,26*53
$GLGSV,2,1,07,69,17,138,22,70,84,095,17,71,43,329,,73,57,233,*6E
$GLGSV,2,2,07,74,11,222,,79,07,037,21,80,60,026,26*53
$GLGSV,2,1,07,69,17,138,20,70,84,095,17,71,43,329,,73,57,233,*6C
$GLGSV,2,2,07,74,11,222,,79,07,037,19,80,60,026,25*5B
$GLGSV,2,1,07,69,17,138,20,70,84,095,18,71,43,329,,73,57,233,*63
$GLGSV,2,2,07,74,11,222,,79,07,037,18,80,60,026,25*5A
$GLGSV,2,1,07,69,17,138,20,70,84,095,17,71,43,329,,73,57,233,*6C
$GLGSV,2,2,07,74,11,222,,79,07,037,19,80,60,026,25*5B
$GLGSV,2,1,07,69,17,138,20,70,84,095,17,71,43,329,,73,57,233,19*64
$GLGSV,2,2,07,74,11,222,,79,07,037,18,80,60,026,25*5A
$GLGSV,2,1,07,69,17,138,20,70,84,095,17,71,43,329,,73,57,233,17*6A
$GLGSV,2,2,07,74,11,222,,79,07,037,18,80,60,026,25*5A
$GLGSV,2,1,07,69,17,138,21,70,84,095,16,71,43,329,,73,57,233,17*6A
$GLGSV,2,2,07,74,11,222,,79,07,037,18,80,60,026,25*5A
$GLGSV,2,1,07,69,17,138,20,70,84,095,16,71,43,329,,73,57,233,17*6B
$GLGSV,2,2,07,74,11,222,,79,07,037,18,80,60,026,25*5A
$GLGSV,2,1,07,69,17,138,19,70,84,095,16,71,43,329,,73,57,233,17*61
$GLGSV,2,2,07,74,11,222,,79,07,037,19,80,60,026,26*58
$GLGSV,2,1,07,69,17,138,18,70,84,095,17,71,43,329,,73,57,233,18*6E
$GLGSV,2,2,07,74,11,222,,79,07,037,18,80,60,026,25*5A
$GLGSV,2,1,07,69,17,138,18,70,84,095,16,71,43,329,24,73,57,233,19*68
$GLGSV,2,2,07,74,11,222,,79,07,037,17,80,60,026,23*53
$GLGSV,2,1,07,69,17,138,18,70,84,095,16,71,43,329,,73,57,233,19*6E
$GLGSV,2,2,07,74,11,222,,79,07,037,17,80,60,026,22*52
$GLGSV,2,1,07,69,17,138,18,70,84,095,15,71,43,329,,73,57,233,19*6D
$GLGSV,2,2,07,74,11,222,,79,07,037,16,80,60,026,22*53
$GLGSV,2,1,07,69,17,138,17,70,84,095,,71,43,329,,73,57,233,18*67
$GLGSV,2,2,07,74,11,222,,79,07,037,16,80,60,026,21*50
$GLGSV,2,1,07,69,17,138,17,70,84,095,,71,43,329,,73,57,233,18*67
$GLGSV,2,2,07,74,11,222,,79,07,037,15,80,60,026,20*52
$GLGSV,2,1,07,69,17,138,17,70,84,095,,71,43,329,,73,57,233,18*67
$GLGSV,2,2,07,74,11,222,,79,07,037,15,80,60,026,20*52
$GLGSV,2,1,07,69,17,138,16,70,84,095,,71,43,329,,73,57,233,18*66
$GLGSV,2,2,07,74,11,222,,79,07,037,15,80,60,026,19*58
$GLGSV,2,1,07,69,17,138,17,70,84,095,,71,43,329,,73,57,233,18*67
$GLGSV,2,2,07,74,11,222,,79,07,037,14,80,60,026,19*59
$GLGSV,2,1,07,69,17,138,16,70,84,095,,71,43,329,,73,57,233,18*66
$GLGSV,2,2,07,74,11,222,,79,07,037,14,80,60,026,19*59
$GLGSV,2,1,07,69,17,138,16,70,84,095,,71,43,329,,73,57,233,17*69
$GLGSV,2,2,07,74,11,222,,79,07,037,14,80,60,026,20*53
$GLGSV,2,1,07,69,17,138,15,70,84,095,,71,43,329,,73,57,233,18*65
$GLGSV,2,2,07,74,11,222,,79,07,037,14,80,60,026,20*53
$GLGSV,2,1,07,69,17,138,15,70,84,095,,71,43,329,,73,57,233,18*65
$GLGSV,2,2,07,74,11,222,,79,07,037,14,80,60,026,22*51
$GLGSV,2,1,07,69,17,138,15,70,84,095,,71,43,329,,73,57,233,18*65
$GLGSV,2,2,07,74,11,222,,79,07,037,15,80,60,026,23*51
$GLGSV,2,1,07,69,17,138,14,70,84,095,,71,43,329,,73,57,233,18*64
$GLGSV,2,2,07,74,11,222,,79,07,037,13,80,60,026,22*56
$GLGSV,2,1,07,69,17,138,15,70,84,095,,71,43,329,,73,57,233,16*6B
$GLGSV,2,2,07,74,11,222,,79,07,037,14,80,60,026,22*51
$GLGSV,2,1,07,69,17,138,15,70,84,095,,71,43,329,,73,57,233,16*6B
$GLGSV,2,2,07,74,11,222,,79,07,037,15,80,60,026,22*50
$GLGSV,2,1,07,69,17,138,15,70,84,095,,71,43,329,,73,57,233,16*6B
$GLGSV,2,2,07,74,11,222,,79,07,037,15,80,60,026,22*50
$GLGSV,2,1,07,69,17,138,16,70,84,095,,71,43,329,,73,57,233,15*6B
$GLGSV,2,2,07,74,11,222,,79,07,037,16,80,60,026,22*53
$GLGSV,2,1,07,69,17,138,16,70,84,095,,71,43,329,,73,57,233,15*6B
$GLGSV,2,2,07,74,11,222,,79,07,037,16,80,60,026,22*53
$GLGSV,2,1,07,69,17,138,18,70,84,095,,71,43,329,,73,57,233,16*66
$GLGSV,2,2,07,74,11,222,,79,07,037,17,80,60,026,24*54
$GLGSV,2,1,07,69,17,138,18,70,84,095,,71,43,329,,73,57,233,16*66
$GLGSV,2,2,07,74,11,222,,79,07,037,16,80,60,026,24*55
$GLGSV,2,1,07,69,17,138,19,70,84,095,,71,43,329,,73,57,233,16*67
$GLGSV,2,2,07,74,11,222,,79,07,037,14,80,60,026,23*50
$GLGSV,2,1,07,69,17,138,19,70,84,095,,71,43,329,,73,57,233,15*64
$GLGSV,2,2,07,74,11,222,,79,07,037,13,80,60,026,22*56
$GLGSV,2,1,07,69,17,138,19,70,84,095,,71,43,329,,73,57,233,14*65
$GLGSV,2,2,07,74,11,222,,79,07,037,14,80,60,026,23*50
$GLGSV,2,1,07,69,17,138,19,70,84,095,,71,43,329,,73,57,233,11*60
$GLGSV,2,2,07,74,11,222,,79,07,037,16,80,60,026,23*52
$GLGSV,2,1,07,69,17,138,19,70,84,095,,71,43,329,,73,57,233,14*65
$GLGSV,2,2,07,74,11,222,,79,07,037,17,80,60,026,22*52
$GLGSV,2,1,07,69,17,138,20,70,84,095,,71,43,329,,73,57,233,16*6D
$GLGSV,2,2,07,74,11,222,,79,07,037,16,80,60,026,21*50
$GLGSV,2,1,07,69,17,138,19,70,84,095,,71,43,329,,73,57,233,18*69
$GLGSV,2,2,07,74,11,222,,79,07,037,15,80,60,026,21*53
$GLGSV,2,1,07,69,17,138,19,70,84,095,,71,43,329,,73,57,233,18*69
$GLGSV,2,2,07,74,11,222,,79,07,037,15,80,60,026,21*53
