$GPGSV,3,2,10,25,11,042,11,26,66,182,,28,53,047,18,29,15,074,*7D
$GPGSV,3,3,10,31,72,338,24,32,35,117,16*76
$GPGSV,3,1,10,01,04,258,,03,40,298,,04,18,307,,16,27,198,12*7C
$GPGSV,3,2,10,25,11,042,12,26,66,182,,28,53,047,19,29,15,074,*7F
$GPGSV,3,3,10,31,72,338,25,32,35,117,18*79
$GPGSV,3,1,10,01,04,258,,03,40,298,,04,18,307,,16,27,198,11*7F
$GPGSV,3,2,10,25,11,042,14,26,66,182,06,28,53,047,18,29,15,074,*7E
$GPGSV,3,3,10,31,72,338,25,32,35,117,20*72
$GPGSV,3,1,10,01,04,258,,03,40,298,,04,18,307,,16,27,198,*7F
$GPGSV,3,2,10,25,11,042,14,26,66,182,08,28,53,047,18,29,15,074,*70
$GPGSV,3,3,10,31,72,338,26,32,35,117,20*71
$GPGSV,3,1,10,01,04,258,,03,40,298,,04,18,307,,16,27,198,*7F
$GPGSV,3,2,10,25,11,042,15,26,66,182,,28,53,047,18,29,15,074,*79
$GPGSV,3,3,10,31,72,338,26,32,35,117,20*71
$GPGSV,3,1,10,01,04,258,,03,40,298,,04,18,307,,16,27,198,*7F
$GPGSV,3,2,10,25,11,042,14,26,66,182,18,28,53,047,18,29,15,074,*71
$GPGSV,3,3,10,31,72,338,26,32,35,117,19*7B
$GPGSV,3,1,10,01,04,258,,03,40,298,,04,18,307,,16,27,198,*7F
$GPGSV,3,2,10,25,11,042,15,26,66,182,16,28,53,047,18,29,15,074,*7E
$GPGSV,3,3,10,31,72,338,27,32,35,117,17*74
$GPGSV,3,1,10,01,04,258,,03,40,298,,04,18,307,,16,27,198,*7F
$GPGSV,3,2,10,25,11,042,14,26,66,182,18,28,53,047,18,29,15,074,*71
$GPGSV,3,3,10,31,72,338,26,32,35,117,18*7A
$GPGSV,3,1,10,01,04,258,,03,40,298,,04,18,307,,16,27,198,*7F
$GPGSV,3,2,10,25,11,042,16,26,66,182,19,28,53,047,19,29,15,074,*73
$GPGSV,3,3,10,31,72,338,27,32,35,117,19*7A
$GPGSV,3,1,10,01,04,258,,03,40,298,,04,18,307,,16,27,198,*7F
$GPGSV,3,2,10,25,11,042,17,26,66,182,19,28,53,047,19,29,15,074,*72
$GPGSV,3,3,10,31,72,338,27,32,35,117,20*70
$GPGSV,3,1,10,01,04,258,,03,40,298,,04,18,307,,16,27,198,*7F
$GPGSV,3,2,10,25,11,042,17,26,66,182,20,28,53,047,20,29,15,074,*72
$GPGSV,3,3,10,31,72,338,27,32,35,117,21*71
$GPGSV,3,1,10,01,04,258,,03,40,298,,04,18,307,,16,27,198,05*7A
$GPGSV,3,2,10,25,11,042,16,26,66,182,19,28,53,047,18,29,15,074,*72
$GPGSV,3,3,10,31,72,338,27,32,35,117,20*70
$GPGSV,3,1,10,01,04,258,,03,40,298,,04,18,307,,16,27,198,07*78
$GPGSV,3,2,10,25,11,042,15,26,66,182,19,28,53,047,17,29,15,074,*7E
$GPGSV,3,3,10,31,72,338,26,32,35,117,20*71
$GPGSV,3,1,10,01,04,258,,03,40,298,,04,18,307,,16,27,198,*7F
$GPGSV,3,2,10,25,11,042,13,26,66,182,18,28,53,047,16,29,15,074,*78
$GPGSV,3,3,10,31,72,338,26,32,35,117,20*71
$GPGSV,3,1,10,01,04,258,,03,40,298,,04,18,307,,16,27,198,*7F
$GPGSV,3,2,10,25,11,042,10,26,66,182,19,28,53,047,16,29,15,074,*7A
$GPGSV,3,3,10,31,72,338,26,32,35,117,20*71
$GPGSV,3,1,10,01,04,258,,03,40,298,,04,18,307,,16,27,198,*7F
$GPGSV,3,2,10,25,11,042,08,26,66,182,17,28,53,047,17,29,15,074,*7C
$GPGSV,3,3,10,31,72,338,26,32,35,117,21*70
$GPGSV,3,1,10,01,04,258,,03,40,298,,04,18,307,,16,27,198,*7F
$GPGSV,3,2,10,25,11,042,08,26,66,182,18,28,53,047,17,29,15,074,*73
$GPGSV,3,3,10,31,72,338,26,32,35,117,22*73
$GPGSV,3,1,10,01,04,258,,03,40,298,,04,18,307,,16,27,198,*7F
$GPGSV,3,2,10,25,11,042,10,26,66,182,17,28,53,047,18,29,15,074,*7A
$GPGSV,3,3,10,31,72,338,26,32,35,117,21*70
$GPGSV,3,1,10,01,04,258,,03,40,298,,04,18,307,,16,27,198,*7F
$GPGSV,3,2,10,25,11,042,13,26,66,182,17,28,53,047,17,29,15,074,*76
$GPGSV,3,3,10,31,72,338,25,32,35,117,21*73
$GPGSV,3,1,10,01,04,258,,03,40,298,,04,18,307,,16,27,198,*7F
$GPGSV,3,2,10,25,11,042,14,26,66,182,18,28,53,047,16,29,15,074,*7F
$GPGSV,3,3,10,31,72,338,24,32,35,117,19*79
$GPGSV,3,1,10,01,04,258,,03,40,298,,04,18,307,,16,27,198,*7F
$GPGSV,3,2,10,25,11,042,13,26,66,182,18,28,53,047,15,29,15,074,*7B
$GPGSV,3,3,10,31,72,338,24,32,35,117,18*78
$GPGSV,3,1,10,01,04,258,,03,40,298,,04,18,307,,16,27,198,*7F
$GPGSV,3,2,10,25,11,042,10,26,66,182,19,28,53,047,13,29,15,074,*7F
$GPGSV,3,3,10,31,72,338,25,32,35,117,17*76
$GPGSV,3,1,10,01,04,258,,03,40,298,,04,18,307,,16,27,198,*7F
$GPGSV,3,2,10,25,11,042,09,26,66,182,20,28,53,047,10,29,15,074,*7E
$GPGSV,3,3,10,31,72,338,25,32,35,117,18*79
$GPGSV,3,1,10,01,04,258,,03,40,298,,04,18,307,,16,27,198,*7F
$GPGSV,3,2,10,25,11,042,08,26,66,182,18,28,53,047,11,29,15,074,*75
$GPGSV,3,3,10,31,72,338,25,32,35,117,16*77
$GPGSV,3,1,10,01,04,258,,03,40,298,,04,18,307,,16,27,198,*7F
$GPGSV,3,2,10,25,11,042,11,26,66,182,18,28,53,047,12,29,15,074,*7E
$GPGSV,3,3,10,31,72,338,24,32,35,117,16*76
$GPGSV,3,1,10,01,04,258,,03,40,298,,04,18,307,,16,27,198,*7F
$GPGSV,3,2,10,25,11,042,12,26,66,182,17,28,53,047,12,29,15,074,*72
$GPGSV,3,3,10,31,72,338,24,32,35,117,14*74
$GPGSV,3,1,10,01,04,258,,03,40,298,,04,18,307,,16,27,198,*7F
$GPGSV,3,2,10,25,11,042,,26,66,182,15,28,53,047,13,29,15,074,*72
$GPGSV,3,3,10,31,72,338,25,32,35,117,14*75
$GPGSV,3,1,10,01,04,258,,03,40,298,21,04,18,307,,16,27,198,*7C
$GPGSV,3,2,10,25,11,042,,26,66,182,16,28,53,047,15,29,15,074,*77
$GPGSV,3,3,10,31,72,338,26,32,35,117,16*74
$GPGSV,3,1,10,01,04,258,,03,40,298,20,04,18,307,,16,27,198,*7D
$GPGSV,3,2,10,25,11,042,,26,66,182,18,28,53,047,17,29,15,074,*7B
$GPGSV,3,3,10,31,72,338,27,32,35,117,18*7B
$GPGSV,3,1,10,01,04,258,,03,40,298,20,04,18,307,,16,27,198,*7D
$GPGSV,3,2,10,25,11,042,,26,66,182,16,28,53,047,18,29,15,074,*7A
$GPGSV,3,3,10,31,72,338,27,32,35,117,20*70
$GPGSV,3,1,10,01,04,258,,03,40,298,20,04,18,307,,16,27,198,*7D
$GPGSV,3,2,10,25,11,042,,26,66,182,19,28,53,047,19,29,15,074,*74
$GPGSV,3,3,10,31,72,338,27,32,35,117,20*70
$GPGSV,3,1,10,01,04,258,,03,40,298,19,04,18,307,,16,27,198,*77
$GPGSV,3,2,10,25,11,042,,26,66,182,20,28,53,047,19,29,15,074,*7E
$GPGSV,3,3,10,31,72,338,26,32,35,117,20*71
$GPGSV,3,1,10,01,04,258,,03,40,298,17,04,18,307,,16,27,198,*79
$GPGSV,3,2,10,25,11,042,,26,66,182,21,28,53,047,20,29,15,074,*75
$GPGSV,3,3,10,31,72,338,27,32,35,117,19*7A
$GPGSV,3,1,10,01,04,258,,03,40,298,16,04,18,307,,16,27,198,*78
$GPGSV,3,2,10,25,11,042,,26,66,182,22,28,53,047,20,29,15,074,*76
$GPGSV,3,3,10,31,72,338,27,32,35,117,19*7A
$GPGSV,3,1,10,01,04,258,,03,40,298,17,04,18,307,,16,27,198,*79
$GPGSV,3,2,10,25,11,042,,26,66,182,20,28,53,047,19,29,15,074,*7E
$GPGSV,3,3,10,31,72,338,28,32,35,117,21*7E
$GPGSV,3,1,10,01,04,258,,03,40,298,17,04,18,307,,16,27,198,*79
$GPGSV,3,2,10,25,11,042,15,26,66,182,18,28,53,047,18,29,15,074,*70
$GPGSV,3,3,10,31,72,338,27,32,35,117,21*71
$GPGSV,3,1,10,01,04,258,,03,40,298,17,04,18,307,,16,27,198,*79
$GPGSV,3,2,10,25,11,042,16,26,66,182,17,28,53,047,17,29,15,074,*73
$GPGSV,3,3,10,31,72,338,28,32,35,117,20*7F
$GPGSV,3,1,10,01,04,258,,03,40,298,17,04,18,307,,16,27,198,*79
$GPGSV,3,2,10,25,11,042,15,26,66,182,16,28,53,047,15,29,15,074,*73
$GPGSV,3,3,10,31,72,338,28,32,35,117,17*7B
$GPGSV,3,1,10,01,04,258,,03,40,298,17,04,18,307,,16,27,198,*79
$GPGSV,3,2,10,25,11,042,13,26,66,182,16,28,53,047,14,29,15,074,*74
$GPGSV,3,3,10,31,72,338,27,32,35,117,17*74
$GPGSV,3,1,10,01,04,258,,03,40,298,18,04,18,307,,16,27,198,*76
$GPGSV,3,2,10,25,11,042,12,26,66,182,20,28,53,047,16,29,15,074,*72
$GPGSV,3,3,10,31,72,338,27,32,35,117,17*74
$GPGSV,3,1,10,01,04,258,,03,40,298,19,04,18,307,,16,27,198,*77
$GPGSV,3,2,10,25,11,042,13,26,66,182,21,28,53,047,19,29,15,074,*7D
$GPGSV,3,3,10,31,72,338,26,32,35,117,20*71
$GPGSV,3,1,10,01,04,258,,03,41,297,18,04,18,307,,16,27,198,*78
$GPGSV,3,2,10,25,11,042,13,26,66,182,22,28,53,047,20,29,15,074,*74
$GPGSV,3,3,10,31,72,338,26,32,35,117,20*71
$GPGSV,3,1,10,01,04,258,,03,41,297,17,04,19,307,,16,27,198,*76
$GPGSV,3,2,10,25,11,042,12,26,66,182,22,28,53,047,20,29,15,074,*75
$GPGSV,3,3,10,31,72,338,25,32,35,117,20*72
$GPGSV,3,1,10,01,04,258,,03,41,297,17,04,19,307,,16,27,198,*76
$GPGSV,3,2,10,25,11,042,13,26,66,182,20,28,53,047,20,29,15,074,*76
$GPGSV,3,3,10,31,72,338,25,32,35,117,20*72
$GPGSV,3,1,10,01,04,258,,03,41,297,16,04,19,307,,16,27,198,*77
$GPGSV,3,2,10,25,11,042,13,26,66,182,20,28,53,047,19,29,15,074,*7C
$GPGSV,3,3,10,31,72,338,25,32,35,117,19*78
$GPGSV,3,1,10,01,04,258,,03,41,297,16,04,19,307,,16,27,198,*77
$GPGSV,3,2,10,25,11,042,12,26,66,182,20,28,53,047,18,29,15,074,*7C
$GPGSV,3,3,10,31,72,338,25,32,35,117,20*72
$GPGSV,3,1,10,01,04,258,,03,41,297,17,04,19,307,,16,27,198,*76
$GPGSV,3,2,10,25,11,042,11,26,66,182,19,28,53,047,16,29,15,074,*7B
$GPGSV,3,3,10,31,72,338,25,32,35,117,18*79
$GPGSV,3,1,10,01,04,258,,03,41,297,17,04,19,307,,16,27,198,*76
$GPGSV,3,2,10,25,11,042,11,26,66,182,17,28,53,047,14,29,15,074,*77
$GPGSV,3,3,10,31,72,338,25,32,35,117,18*79
$GPGSV,3,1,10,01,04,258,,03,41,297,17,04,19,307,07,16,27,198,*71
$GPGSV,3,2,10,25,11,042,12,26,66,182,17,28,53,047,15,29,15,074,*75
$GPGSV,3,3,10,31,72,338,25,32,35,117,18*79
$GPGSV,3,1,10,01,04,258,,03,41,297,18,04,19,307,09,16,27,198,*70
$GPGSV,3,2,10,25,11,042,11,26,66,182,19,28,53,047,16,29,15,074,*7B
$GPGSV,3,3,10,31,72,338,25,32,35,117,18*79
$GPGSV,3,1,10,01,04,258,,03,41,297,17,04,19,307,13,16,27,198,*74
$GPGSV,3,2,10,25,11,042,,26,66,182,19,28,53,047,16,29,15,074,*7B
$GPGSV,3,3,10,31,72,338,25,32,35,117,17*76
$GPGSV,3,1,10,01,04,258,,03,41,297,16,04,19,307,14,16,27,198,*72
$GPGSV,3,2,10,25,11,042,,26,66,182,20,28,53,047,16,29,15,074,*71
$GPGSV,3,3,10,31,72,338,25,32,35,117,17*76
$GPGSV,3,1,10,01,04,258,,03,41,297,15,04,19,307,12,16,27,198,*77
$GPGSV,3,2,10,25,11,042,,26,66,182,18,28,53,047,16,29,15,074,*7A
$GPGSV,3,3,10,31,72,338,27,32,35,117,16*75
$GPGSV,3,1,10,01,04,258,,03,41,297,15,04,19,307,08,16,27,198,*7C
$GPGSV,3,2,10,25,11,042,,26,66,182,17,28,53,047,16,29,15,074,*75
$GPGSV,3,3,10,31,72,338,25,32,35,117,16*77
$GPGSV,3,1,10,01,04,258,,03,41,297,15,04,19,307,09,16,27,198,*7D
$GPGSV,3,2,10,25,11,042,,26,66,182,17,28,53,047,16,29,15,074,*75
$GPGSV,3,3,10,31,72,338,25,32,35,117,15*74
$GPGSV,3,1,10,01,04,258,,03,41,297,13,04,19,307,09,16,27,198,*7B
$GPGSV,3,2,10,25,11,042,,26,66,182,15,28,53,047,15,29,15,074,*74
$GPGSV,3,3,10,31,72,338,25,32,35,117,14*75
$GPGSV,3,1,10,01,04,258,,03,41,297,15,04,19,307,,16,27,198,*74
$GPGSV,3,2,10,25,11,042,,26,66,182,15,28,53,047,15,29,15,074,*74
$GPGSV,3,3,10,31,72,338,24,32,35,117,14*74
$GPGSV,3,1,10,01,04,258,,03,41,297,15,04,19,307,,16,27,198,*74
$GPGSV,3,2,10,25,11,042,,26,66,182,15,28,53,047,16,29,15,074,*77
$GPGSV,3,3,10,31,72,338,24,32,35,117,14*74
$GPGSV,3,1,10,01,04,258,,03,41,297,14,04,19,307,,16,27,198,*75
$GPGSV,3,2,10,25,11,042,,26,66,182,15,28,53,047,16,29,15,074,*77
$GPGSV,3,3,10,31,72,338,25,32,35,117,14*75
$GPGSV,3,1,10,01,04,258,,03,41,297,15,04,19,307,,16,27,198,*74
$GPGSV,3,2,10,25,11,042,,26,66,182,15,28,53,047,16,29,15,074,*77
$GPGSV,3,3,10,31,72,338,25,32,35,117,15*74
$GPGSV,3,1,10,01,04,258,,03,41,297,15,04,19,307,,16,27,198,*74
$GPGSV,3,2,10,25,11,042,,26,66,182,14,28,53,047,15,29,15,074,*75
$GPGSV,3,3,10,31,72,338,24,32,35,117,15*75
$GPGSV,3,1,10,01,04,258,,03,41,297,16,04,19,307,,16,27,198,*77
$GPGSV,3,2,10,25,11,042,,26,66,182,14,28,53,047,16,29,15,074,*76
$GPGSV,3,3,10,31,72,338,25,32,35,117,15*74
$GPGSV,3,1,10,01,04,258,,03,41,297,15,04,19,307,,16,27,198,*74
$GPGSV,3,2,10,25,11,042,,26,66,182,14,28,53,047,15,29,15,074,*75
$GPGSV,3,3,10,31,72,338,24,32,35,117,14*74
$GPGSV,3,1,10,01,04,258,,03,41,297,16,04,19,307,,16,27,198,*77
$GPGSV,3,2,10,25,11,042,,26,66,182,16,28,53,047,12,29,15,074,*70
$GPGSV,3,3,10,31,72,338,25,32,35,117,14*75
$GPGSV,3,1,10,01,04,258,,03,41,297,16,04,19,307,,16,27,198,*77
$GPGSV,3,2,10,25,11,042,,26,67,182,19,28,53,047,15,29,15,074,*79
$GPGSV,3,3,10,31,72,338,26,32,35,117,15*77
$GPGSV,3,1,10,01,04,258,,03,41,297,17,04,19,307,,16,27,198,*76
$GPGSV,3,2,10,25,11,042,,26,67,182,20,28,53,047,18,29,15,074,*7E
$GPGSV,3,3,10,31,72,338,27,32,35,117,16*75
$GPGSV,3,1,10,01,04,258,,03,41,297,18,04,19,307,,16,27,198,*79
$GPGSV,3,2,10,25,11,042,,26,67,182,21,28,53,048,18,29,15,074,*70
$GPGSV,3,3,10,31,72,338,27,32,35,117,16*75
$GPGSV,3,1,10,01,04,258,,03,41,297,18,04,19,307,,16,27,198,*79
$GPGSV,3,2,10,25,11,042,,26,67,182,21,28,53,048,19,29,15,074,*71
$GPGSV,3,3,10,31,72,338,27,32,35,117,18*7B
$GPGSV,3,1,10,01,04,258,,03,41,297,18,04,19,307,,16,27,198,*79
$GPGSV,3,2,10,25,11,042,,26,67,182,21,28,53,048,19,29,15,074,*71
$GPGSV,3,3,10,31,72,338,27,32,35,117,19*7A
$GPGSV,3,1,10,01,04,258,,03,41,297,18,04,19,307,,16,27,198,*79
$GPGSV,3,2,10,25,11,042,,26,67,182,20,28,53,048,18,29,15,074,*71
$GPGSV,3,3,10,31,72,340,27,32,35,117,19*75
$GPGSV,3,1,10,01,04,258,,03,41,297,,04,19,307,,16,27,198,*70
$GPGSV,3,2,10,25,11,042,,26,67,182,20,28,53,048,18,29,15,074,*71
$GPGSV,3,3,10,31,72,340,27,32,34,117,19*74
$GPGSV,3,1,10,01,04,258,,03,41,297,19,04,19,307,,16,27,198,*78
$GPGSV,3,2,10,25,11,042,,26,67,182,20,28,53,048,18,29,15,074,*71
$GPGSV,3,3,10,31,72,340,27,32,34,117,18*75
$GPGSV,3,1,10,01,04,258,,03,41,297,15,04,19,307,,16,27,198,*74
$GPGSV,3,2,10,25,11,042,,26,67,182,20,28,53,048,17,29,15,074,*7E
$GPGSV,3,3,10,31,72,340,27,32,34,117,19*74
$GPGSV,3,1,10,01,04,258,,03,41,297,12,04,19,307,,16,27,198,*73
$GPGSV,3,2,10,25,11,042,,26,67,182,20,28,53,048,16,29,15,074,*7F
$GPGSV,3,3,10,31,72,340,26,32,34,117,18*74
$GPGSV,3,1,10,01,04,258,,03,41,297,10,04,19,307,,16,27,198,*71
$GPGSV,3,2,10,25,11,042,,26,67,182,20,28,53,048,16,29,15,074,*7F
$GPGSV,3,3,10,31,72,340,26,32,34,117,18*74
$GPGSV,3,1,10,01,04,258,,03,41,297,12,04,19,307,,16,27,198,*73
$GPGSV,3,2,10,25,11,042,,26,67,182,19,28,53,048,15,29,15,074,*76
$GPGSV,3,3,10,31,72,340,26,32,34,117,18*74
$GPGSV,3,1,10,01,04,258,,03,41,297,16,04,19,307,,16,27,198,*77
$GPGSV,3,2,10,25,11,042,,26,67,182,20,28,53,048,14,29,15,074,*7D
$GPGSV,3,3,10,31,72,340,25,32,34,117,18*77
$GPGSV,3,1,10,01,04,258,,03,41,297,17,04,19,307,,16,27,198,*76
$GPGSV,3,2,10,25,11,042,,26,67,182,20,28,53,048,13,29,15,074,*7A
$GPGSV,3,3,10,31,72,340,26,32,34,117,18*74
$GPGSV,3,1,10,01,04,258,,03,41,297,16,04,19,307,,16,27,198,*77
$GPGSV,3,2,10,25,11,042,,26,67,182,20,28,53,048,13,29,15,074,*7A
$GPGSV,3,3,10,31,72,340,25,32,34,117,18*77
$GPGSV,3,1,10,01,04,258,,03,41,297,15,04,19,307,,16,27,198,*74
$GPGSV,3,2,10,25,11,042,,26,67,182,21,28,53,048,14,29,15,074,*7C
$GPGSV,3,3,10,31,72,340,25,32,34,117,18*77
$GPGSV,3,1,10,01,04,258,,03,41,297,16,04,19,307,,16,27,198,*77
$GPGSV,3,2,10,25,11,042,,26,67,182,21,28,53,048,16,29,15,074,*7E
$GPGSV,3,3,10,31,72,340,26,32,34,117,18*74
