3,1,10,01,04,258,,03,40,298,,04,18,307,,16,27,198,11*7F
$GPGSV,3,2,10,25,11,042,11,26,66,182,,28,53,047,18,29,15,074,*7D
$GPGSV,3,3,10,31,72,338,24,32,35,117,16*76
$GLGSV,2,1,07,69,18,138,22,70,84,088,18,71,42,329,20,73,57,232,*60
$GLGSV,2,2,07,74,10,221,,79,08,037,,80,60,026,27*5C
$GNGLL,3902.66023,N,07730.59035,W,174751.00,A,A*64
$GNRMC,174752.00,A,3902.65997,N,07730.59034,W,0.651,,011125,,,A*7E
$GNVTG,,T,,M,0.651,N,1.205,K,A*39
$GNGGA,174752.00,3902.65997,N,07730.59034,W,1,06,2.59,112.6,M,-34.5,M,,*75
$GNGSA,A,3,28,31,32,,,,,,,,,,4.24,2.59,3.36*1F
$GNGSA,A,3,80,71,69,,,,,,,,,,4.24,2.59,3.36*17
$GPGSV,3,1,10,01,04,258,,03,40,298,,04,18,307,,16,27,198,12*7C
$GPGSV,3,2,10,25,11,042,12,26,66,182,,28,53,047,19,29,15,074,*7F
$GPGSV,3,3,10,31,72,338,25,32,35,117,18*79
$GLGSV,2,1,07,69,18,138,24,70,84,088,19,71,42,329,21,73,57,232,*66
$GLGSV,2,2,07,74,10,221,,79,08,037,,80,60,026,28*53
$GNGLL,3902.65997,N,07730.59034,W,174752.00,A,A*63
$GNRMC,174753.00,A,3902.65987,N,07730.59049,W,0.610,,011125,,,A*71
$GNVTG,,T,,M,0.610,N,1.130,K,A*39
$GNGGA,174753.00,3902.65987,N,07730.59049,W,1,06,2.59,112.5,M,-34.5,M,,*7C
$GNGSA,A,3,28,31,32,,,,,,,,,,4.24,2.59,3.36*1F
$GNGSA,A,3,80,71,69,,,,,,,,,,4.24,2.59,3.36*17
$GPGSV,3,1,10,01,04,258,,03,40,298,,04,18,307,,16,27,198,11*7F
$GPGSV,3,2,10,25,11,042,14,26,66,182,06,28,53,047,18,29,15,074,*7E
$GPGSV,3,3,10,31,72,338,25,32,35,117,20*72
$GLGSV,2,1,07,69,18,138,23,70,84,088,18,71,42,329,20,73,57,232,*61
$GLGSV,2,2,07,74,10,221,,79,08,037,,80,60,026,27*5C
$GNGLL,3902.65987,N,07730.59049,W,174753.00,A,A*69
$GNRMC,174754.00,A,3902.65972,N,07730.59137,W,0.479,,011125,,,A*79
$GNVTG,,T,,M,0.479,N,0.888,K,A*3F
$GNGGA,174754.00,3902.65972,N,07730.59137,W,1,06,2.59,111.8,M,-34.5,M,,*77
$GNGSA,A,3,28,31,32,,,,,,,,,,4.24,2.59,3.36*1F
$GNGSA,A,3,80,71,69,,,,,,,,,,4.24,2.59,3.36*17
$GPGSV,3,1,10,01,04,258,,03,40,298,,04,18,307,,16,27,198,*7F
$GPGSV,3,2,10,25,11,042,14,26,66,182,08,28,53,047,18,29,15,074,*70
$GPGSV,3,3,10,31,72,338,26,32,35,117,20*71
$GLGSV,2,1,07,69,18,138,21,70,84,088,18,71,42,329,18,73,57,232,07*6F
$GLGSV,2,2,07,74,10,221,,79,08,037,,80,60,026,27*5C
$GNGLL,3902.65972,N,07730.59137,W,174754.00,A,A*6C
$GNRMC,174755.00,A,3902.66004,N,07730.59115,W,0.758,,011125,,,A*73
$GNVTG,,T,,M,0.758,N,1.404,K,A*36
$GNGGA,174755.00,3902.66004,N,07730.59115,W,1,06,2.59,111.8,M,-34.5,M,,*7D
$GNGSA,A,3,28,31,32,,,,,,,,,,4.24,2.59,3.36*1F
$GNGSA,A,3,80,71,69,,,,,,,,,,4.24,2.59,3.36*17
$GPGSV,3,1,10,01,04,258,,03,40,298,,04,18,307,,16,27,198,*7F
$GPGSV,3,2,10,25,11,042,15,26,66,182,,28,53,047,18,29,15,074,*79
$GPGSV,3,3,10,31,72,338,26,32,35,117,20*71
$GLGSV,2,1,07,69,18,138,20,70,84,088,18,71,42,329,16,73,57,232,12*64
$GLGSV,2,2,07,74,10,221,,79,08,037,,80,60,026,25*5E
$GNGLL,3902.66004,N,07730.59115,W,174755.00,A,A*66
$GNRMC,174756.00,A,3902.65999,N,07730.59104,W,0.525,,011125,,,A*76
$GNVTG,,T,,M,0.525,N,0.973,K,A*32
$GNGGA,174756.00,3902.65999,N,07730.59104,W,1,06,2.59,111.7,M,-34.5,M,,*7F
$GNGSA,A,3,28,31,32,,,,,,,,,,4.25,2.59,3.37*1F
$GNGSA,A,3,80,71,69,,,,,,,,,,4.25,2.59,3.37*17
$GPGSV,3,1,10,01,04,258,,03,40,298,,04,18,307,,16,27,198,*7F
$GPGSV,3,2,10,25,11,042,14,26,66,182,18,28,53,047,18,29,15,074,*71
$GPGSV,3,3,10,31,72,338,26,32,35,117,19*7B
$GLGSV,2,1,07,69,18,138,21,70,84,088,18,71,42,329,14,73,57,232,14*61
$GLGSV,2,2,07,74,10,221,,79,08,037,,80,60,026,26*5D
$GNGLL,3902.65999,N,07730.59104,W,174756.00,A,A*6B
$GNRMC,174757.00,A,3902.65945,N,07730.59158,W,0.190,,011125,,,A*75
$GNVTG,,T,,M,0.190,N,0.352,K,A*31
$GNGGA,174757.00,3902.65945,N,07730.59158,W,1,06,2.59,111.9,M,-34.5,M,,*78
$GNGSA,A,3,28,31,32,,,,,,,,,,4.25,2.59,3.37*1F
$GNGSA,A,3,80,71,69,,,,,,,,,,4.25,2.59,3.37*17
$GPGSV,3,1,10,01,04,258,,03,40,298,,04,18,307,,16,27,198,*7F
$GPGSV,3,2,10,25,11,042,15,26,66,182,16,28,53,047,18,29,15,074,*7E
$GPGSV,3,3,10,31,72,338,27,32,35,117,17*74
$GLGSV,2,1,07,69,18,138,21,70,84,088,18,71,42,329,15,73,57,232,12*66
$GLGSV,2,2,07,74,10,221,,79,08,037,,80,60,026,26*5D
$GNGLL,3902.65945,N,07730.59158,W,174757.00,A,A*62
$GNRMC,174758.00,A,3902.65913,N,07730.59148,W,0.369,,011125,,,A*7C
$GNVTG,,T,,M,0.369,N,0.684,K,A*3B
$GNGGA,174758.00,3902.65913,N,07730.59148,W,1,06,2.59,112.6,M,-34.5,M,,*79
$GNGSA,A,3,28,31,32,,,,,,,,,,4.25,2.59,3.37*1F
$GNGSA,A,3,80,71,69,,,,,,,,,,4.25,2.59,3.37*17
$GPGSV,3,1,10,01,04,258,,03,40,298,,04,18,307,,16,27,198,*7F
$GPGSV,3,2,10,25,11,042,14,26,66,182,18,28,53,047,18,29,15,074,*71
$GPGSV,3,3,10,31,72,338,26,32,35,117,18*7A
$GLGSV,2,1,07,69,18,138,22,70,84,088,18,71,42,329,18,73,57,232,09*62
$GLGSV,2,2,07,74,10,221,,79,08,037,,80,60,026,26*5D
$GNGLL,3902.65913,N,07730.59148,W,174758.00,A,A*6F
$GNRMC,174759.00,A,3902.65912,N,07730.59172,W,0.148,,011125,,,A*74
$GNVTG,,T,,M,0.148,N,0.274,K,A*31
$GNGGA,174759.00,3902.65912,N,07730.59172,W,1,07,1.69,112.1,M,-34.5,M,,*76
$GNGSA,A,3,26,28,31,32,,,,,,,,,2.87,1.69,2.32*11
$GNGSA,A,3,80,71,69,,,,,,,,,,2.87,1.69,2.32*1D
$GPGSV,3,1,10,01,04,258,,03,40,298,,04,18,307,,16,27,198,*7F
$GPGSV,3,2,10,25,11,042,16,26,66,182,19,28,53,047,19,29,15,074,*73
$GPGSV,3,3,10,31,72,338,27,32,35,117,19*7A
$GLGSV,2,1,07,69,18,138,22,70,84,088,18,71,42,329,18,73,57,232,08*63
$GLGSV,2,2,07,74,10,221,,79,08,037,,80,60,026,25*5E
$GNGLL,3902.65912,N,07730.59172,W,174759.00,A,A*66
$GNRMC,174800.00,A,3902.65922,N,07730.59170,W,0.106,,011125,,,A*7C
$GNVTG,,T,,M,0.106,N,0.197,K,A*35
$GNGGA,174800.00,3902.65922,N,07730.59170,W,1,07,1.69,111.7,M,-34.5,M,,*71
$GNGSA,A,3,26,28,31,32,,,,,,,,,2.87,1.69,2.32*11
$GNGSA,A,3,80,71,69,,,,,,,,,,2.87,1.69,2.32*1D
$GPGSV,3,1,10,01,04,258,,03,40,298,,04,18,307,,16,27,198,*7F
$GPGSV,3,2,10,25,11,042,17,26,66,182,19,28,53,047,19,29,15,074,*72
$GPGSV,3,3,10,31,72,338,27,32,35,117,20*70
$GLGSV,2,1,07,69,18,138,22,70,84,088,18,71,42,329,18,73,57,232,08*63
$GLGSV,2,2,07,74,10,221,,79,08,037,,80,60,026,26*5D
$GNGLL,3902.65922,N,07730.59170,W,174800.00,A,A*64
$GNRMC,174801.00,A,3902.65923,N,07730.59170,W,0.213,,011125,,,A*7B
$GNVTG,,T,,M,0.213,N,0.394,K,A*33
$GNGGA,174801.00,3902.65923,N,07730.59170,W,1,07,1.69,111.6,M,-34.5,M,,*70
$GNGSA,A,3,26,28,31,32,,,,,,,,,2.87,1.69,2.32*11
$GNGSA,A,3,80,71,69,,,,,,,,,,2.87,1.69,2.32*1D
$GPGSV,3,1,10,01,04,258,,03,40,298,,04,18,307,,16,27,198,*7F
$GPGSV,3,2,10,25,11,042,17,26,66,182,20,28,53,047,20,29,15,074,*72
$GPGSV,3,3,10,31,72,338,27,32,35,117,21*71
$GLGSV,2,1,07,69,18,138,21,70,84,088,18,71,42,329,15,73,57,232,08*6D
$GLGSV,2,2,07,74,10,221,,79,08,037,,80,60,026,26*5D
$GNGLL,3902.65923,N,07730.59170,W,174801.00,A,A*64
$GNRMC,174802.00,A,3902.65931,N,07730.59102,W,0.645,,011125,,,A*79
$GNVTG,,T,,M,0.645,N,1.195,K,A*36
$GNGGA,174802.00,3902.65931,N,07730.59102,W,1,07,1.69,110.9,M,-34.5,M,,*7B
$GNGSA,A,3,26,28,31,32,,,,,,,,,2.87,1.69,2.32*11
$GNGSA,A,3,80,71,69,,,,,,,,,,2.87,1.69,2.32*1D
$GPGSV,3,1,10,01,04,258,,03,40,298,,04,18,307,,16,27,198,05*7A
$GPGSV,3,2,10,25,11,042,16,26,66,182,19,28,53,047,18,29,15,074,*72
$GPGSV,3,3,10,31,72,338,27,32,35,117,20*70
$GLGSV,2,1,07,69,18,138,21,70,84,088,18,71,42,329,15,73,57,232,08*6D
$GLGSV,2,2,07,74,10,221,,79,08,037,,80,60,026,26*5D
$GNGLL,3902.65931,N,07730.59102,W,174802.00,A,A*61
$GNRMC,174803.00,A,3902.65974,N,07730.59095,W,0.411,,011125,,,A*75
$GNVTG,,T,,M,0.411,N,0.761,K,A*39
$GNGGA,174803.00,3902.65974,N,07730.59095,W,1,07,1.69,110.1,M,-34.5,M,,*7C
$GNGSA,A,3,26,28,31,32,,,,,,,,,2.87,1.69,2.32*11
$GNGSA,A,3,80,71,69,,,,,,,,,,2.87,1.69,2.32*1D
$GPGSV,3,1,10,01,04,258,,03,40,298,,04,18,307,,16,27,198,07*78
$GPGSV,3,2,10,25,11,042,15,26,66,182,19,28,53,047,17,29,15,074,*7E
$GPGSV,3,3,10,31,72,338,26,32,35,117,20*71
$GLGSV,2,1,07,69,18,138,21,70,84,088,18,71,42,329,16,73,57,232,08*6E
$GLGSV,2,2,07,74,10,221,,79,08,037,,80,60,026,27*5C
$GNGLL,3902.65974,N,07730.59095,W,174803.00,A,A*6E
$GNRMC,174804.00,A,3902.65966,N,07730.59082,W,0.301,,011125,,,A*71
$GNVTG,,T,,M,0.301,N,0.558,K,A*37
$GNGGA,174804.00,3902.65966,N,07730.59082,W,1,07,1.70,109.8,M,-34.5,M,,*77
$GNGSA,A,3,26,28,31,32,,,,,,,,,2.87,1.70,2.32*19
$GNGSA,A,3,80,71,69,,,,,,,,,,2.87,1.70,2.32*15
$GPGSV,3,1,10,01,04,258,,03,40,298,,04,18,307,,16,27,198,*7F
$GPGSV,3,2,10,25,11,042,13,26,66,182,18,28,53,047,16,29,15,074,*78
$GPGSV,3,3,10,31,72,338,26,32,35,117,20*71
$GLGSV,2,1,07,69,18,138,21,70,84,088,19,71,42,329,17,73,57,232,08*6E
$GLGSV,2,2,07,74,10,221,,79,08,037,,80,60,026,27*5C
$GNGLL,3902.65966,N,07730.59082,W,174804.00,A,A*6C
$GNRMC,174805.00,A,3902.65974,N,07730.59076,W,0.166,,011125,,,A*7B
$GNVTG,,T,,M,0.166,N,0.307,K,A*38
$GNGGA,174805.00,3902.65974,N,07730.59076,W,1,07,1.70,109.5,M,-34.5,M,,*73
$GNGSA,A,3,26,28,31,32,,,,,,,,,2.87,1.70,2.32*19
$GNGSA,A,3,80,71,69,,,,,,,,,,2.87,1.70,2.32*15
$GPGSV,3,1,10,01,04,258,,03,40,298,,04,18,307,,16,27,198,*7F
$GPGSV,3,2,10,25,11,042,10,26,66,182,19,28,53,047,16,29,15,074,*7A
$GPGSV,3,3,10,31,72,338,26,32,35,117,20*71
$GLGSV,2,1,07,69,18,138,22,70,84,088,19,71,42,329,17,73,57,232,09*6C
$GLGSV,2,2,07,74,10,221,,79,08,037,,80,60,026,27*5C
$GNGLL,3902.65974,N,07730.59076,W,174805.00,A,A*65
$GNRMC,174806.00,A,3902.65985,N,07730.59081,W,0.130,,011125,,,A*7D
$GNVTG,,T,,M,0.130,N,0.240,K,A*39
$GNGGA,174806.00,3902.65985,N,07730.59081,W,1,07,1.70,109.1,M,-34.5,M,,*72
$GNGSA,A,3,26,28,31,32,,,,,,,,,2.87,1.70,2.32*19
$GNGSA,A,3,80,71,69,,,,,,,,,,2.87,1.70,2.32*15
$GPGSV,3,1,10,01,04,258,,03,40,298,,04,18,307,,16,27,198,*7F
$GPGSV,3,2,10,25,11,042,08,26,66,182,17,28,53,047,17,29,15,074,*7C
$GPGSV,3,3,10,31,72,338,26,32,35,117,21*70
$GLGSV,2,1,07,69,18,138,21,70,84,088,19,71,42,329,16,73,57,232,10*66
$GLGSV,2,2,07,74,10,221,,79,08,037,,80,60,026,27*5C
$GNGLL,3902.65985,N,07730.59081,W,174806.00,A,A*60
$GNRMC,174807.00,A,3902.66007,N,07730.59120,W,0.468,,011125,,,A*7E
$GNVTG,,T,,M,0.468,N,0.867,K,A*3E
$GNGGA,174807.00,3902.66007,N,07730.59120,W,1,07,1.70,108.6,M,-34.5,M,,*7F
$GNGSA,A,3,26,28,31,32,,,,,,,,,2.87,1.70,2.32*19
$GNGSA,A,3,80,71,69,,,,,,,,,,2.87,1.70,2.32*15
$GPGSV,3,1,10,01,04,258,,03,40,298,,04,18,307,,16,27,198,*7F
$GPGSV,3,2,10,25,11,042,08,26,66,182,18,28,53,047,17,29,15,074,*73
$GPGSV,3,3,10,31,72,338,26,32,35,117,22*73
$GLGSV,2,1,07,69,18,138,20,70,84,088,18,71,42,329,16,73,57,232,*67
$GLGSV,2,2,07,74,10,221,,79,08,037,,80,60,026,26*5D
$GNGLL,3902.66007,N,07730.59120,W,174807.00,A,A*6B
$GNRMC,174808.00,A,3902.66024,N,07730.59141,W,0.496,,011125,,,A*76
$GNVTG,,T,,M,0.496,N,0.919,K,A*37
$GNGGA,174808.00,3902.66024,N,07730.59141,W,1,07,1.70,107.8,M,-34.5,M,,*77
$GNGSA,A,3,26,28,31,32,,,,,,,,,2.87,1.70,2.32*19
$GNGSA,A,3,80,71,69,,,,,,,,,,2.87,1.70,2.32*15
$GPGSV,3,1,10,01,04,258,,03,40,298,,04,18,307,,16,27,198,*7F
$GPGSV,3,2,10,25,11,042,10,26,66,182,17,28,53,047,18,29,15,074,*7A
$GPGSV,3,3,10,31,72,338,26,32,35,117,21*70
$GLGSV,2,1,07,69,18,138,19,70,84,088,18,71,42,329,13,73,57,232,*68
$GLGSV,2,2,07,74,10,221,,79,08,037,,80,60,026,26*5D
$GNGLL,3902.66024,N,07730.59141,W,174808.00,A,A*62
$GNRMC,174809.00,A,3902.66056,N,07730.59124,W,0.587,,011125,,,A*70
$GNVTG,,T,,M,0.587,N,1.088,K,A*36
$GNGGA,174809.00,3902.66056,N,07730.59124,W,1,06,3.05,107.1,M,-34.5,M,,*78
$GNGSA,A,3,26,28,31,32,,,,,,,,,5.63,3.05,4.74*10
$GNGSA,A,3,80,69,,,,,,,,,,,5.63,3.05,4.74*1A
$GPGSV,3,1,10,01,04,258,,03,40,298,,04,18,307,,16,27,198,*7F
$GPGSV,3,2,10,25,11,042,13,26,66,182,17,28,53,047,17,29,15,074,*76
$GPGSV,3,3,10,31,72,338,25,32,35,117,21*73
$GLGSV,2,1,07,69,18,138,20,70,84,088,18,71,42,329,09,73,57,232,*69
$GLGSV,2,2,07,74,10,221,,79,08,037,,80,60,026,25*5E
$GNGLL,3902.66056,N,07730.59124,W,174809.00,A,A*65
$GNRMC,174810.00,A,3902.66058,N,07730.59108,W,0.472,,011125,,,A*73
$GNVTG,,T,,M,0.472,N,0.875,K,A*36
$GNGGA,174810.00,3902.66058,N,07730.59108,W,1,06,3.05,106.4,M,-34.5,M,,*74
$GNGSA,A,3,26,28,31,32,,,,,,,,,5.63,3.05,4.73*17
$GNGSA,A,3,80,69,,,,,,,,,,,5.63,3.05,4.73*1D
$GPGSV,3,1,10,01,04,258,,03,40,298,,04,18,307,,16,27,198,*7F
$GPGSV,3,2,10,25,11,042,14,26,66,182,18,28,53,047,16,29,15,074,*7F
$GPGSV,3,3,10,31,72,338,24,32,35,117,19*79
$GLGSV,2,1,07,69,17,138,19,70,84,088,18,71,42,329,08,73,57,232,*6D
$GLGSV,2,2,07,74,10,221,,79,08,037,,80,60,026,25*5E
$GNGLL,3902.66058,N,07730.59108,W,174810.00,A,A*6D
$GNRMC,174811.00,A,3902.66066,N,07730.59145,W,0.266,,011125,,,A*75
$GNVTG,,T,,M,0.266,N,0.493,K,A*31
$GNGGA,174811.00,3902.66066,N,07730.59145,W,1,06,3.05,106.0,M,-34.5,M,,*75
$GNGSA,A,3,26,28,31,32,,,,,,,,,5.63,3.05,4.73*17
$GNGSA,A,3,80,69,,,,,,,,,,,5.63,3.05,4.73*1D
$GPGSV,3,1,10,01,04,258,,03,40,298,,04,18,307,,16,27,198,*7F
$GPGSV,3,2,10,25,11,042,13,26,66,182,18,28,53,047,15,29,15,074,*7B
$GPGSV,3,3,10,31,72,338,24,32,35,117,18*78
$GLGSV,2,1,07,69,17,138,18,70,84,095,18,71,42,329,08,73,57,232,*60
$GLGSV,2,2,07,74,10,221,,79,08,037,,80,60,026,25*5E
$GNGLL,3902.66066,N,07730.59145,W,174811.00,A,A*68
$GNRMC,174812.00,A,3902.66097,N,07730.59159,W,0.511,,011125,,,A*72
$GNVTG,,T,,M,0.511,N,0.947,K,A*32
$GNGGA,174812.00,3902.66097,N,07730.59159,W,1,06,3.05,105.4,M,-34.5,M,,*72
$GNGSA,A,3,26,28,31,32,,,,,,,,,5.63,3.05,4.73*17
$GNGSA,A,3,80,69,,,,,,,,,,,5.63,3.05,4.73*1D
$GPGSV,3,1,10,01,04,258,,03,40,298,,04,18,307,,16,27,198,*7F
$GPGSV,3,2,10,25,11,042,10,26,66,182,19,28,53,047,13,29,15,074,*7F
$GPGSV,3,3,10,31,72,338,25,32,35,117,17*76
$GLGSV,2,1,07,69,17,138,17,70,84,095,17,71,43,329,09,73,57,232,*60
$GLGSV,2,2,07,74,10,221,,79,08,037,,80,60,026,25*5E
$GNGLL,3902.66097,N,07730.59159,W,174812.00,A,A*68
$GNRMC,174813.00,A,3902.66126,N,07730.59276,W,0.597,,011125,,,A*78
$GNVTG,,T,,M,0.597,N,1.106,K,A*30
$GNGGA,174813.00,3902.66126,N,07730.59276,W,1,07,1.70,103.1,M,-34.5,M,,*74
$GNGSA,A,3,26,28,31,32,,,,,,,,,2.87,1.70,2.32*19
$GNGSA,A,3,80,71,69,,,,,,,,,,2.87,1.70,2.32*15
$GPGSV,3,1,10,01,04,258,,03,40,298,,04,18,307,,16,27,198,*7F
$GPGSV,3,2,10,25,11,042,09,26,66,182,20,28,53,047,10,29,15,074,*7E
$GPGSV,3,3,10,31,72,338,25,32,35,117,18*79
$GLGSV,2,1,07,69,17,138,16,70,84,095,16,71,43,329,11,73,57,232,*69
$GLGSV,2,2,07,74,10,221,,79,08,037,,80,60,026,25*5E
$GNGLL,3902.66126,N,07730.59276,W,174813.00,A,A*6C
$GNRMC,174814.00,A,3902.66157,N,07730.59346,W,1.090,,011125,,,A*78
$GNVTG,,T,,M,1.090,N,2.019,K,A*3F
$GNGGA,174814.00,3902.66157,N,07730.59346,W,1,07,1.70,102.6,M,-34.5,M,,*71
$GNGSA,A,3,26,28,31,32,,,,,,,,,2.87,1.70,2.32*19
$GNGSA,A,3,80,71,69,,,,,,,,,,2.87,1.70,2.32*15
$GPGSV,3,1,10,01,04,258,,03,40,298,,04,18,307,,16,27,198,*7F
$GPGSV,3,2,10,25,11,042,08,26,66,182,18,28,53,047,11,29,15,074,*75
$GPGSV,3,3,10,31,72,338,25,32,35,117,16*77
$GLGSV,2,1,07,69,17,138,16,70,84,095,17,71,43,329,11,73,57,233,*69
$GLGSV,2,2,07,74,10,221,,79,08,037,,80,60,026,24*5F
$GNGLL,3902.66157,N,07730.59346,W,174814.00,A,A*6F
$GNRMC,174815.00,A,3902.66188,N,07730.59283,W,0.584,,011125,,,A*72
$GNVTG,,T,,M,0.584,N,1.081,K,A*3C
$GNGGA,174815.00,3902.66188,N,07730.59283,W,1,07,1.70,102.0,M,-34.5,M,,*7C
$GNGSA,A,3,26,28,31,32,,,,,,,,,2.87,1.70,2.32*19
$GNGSA,A,3,80,71,69,,,,,,,,,,2.87,1.70,2.32*15
$GPGSV,3,1,10,01,04,258,,03,40,298,,04,18,307,,16,27,198,*7F
$GPGSV,3,2,10,25,11,042,11,26,66,182,18,28,53,047,12,29,15,074,*7E
$GPGSV,3,3,10,31,72,338,24,32,35,117,16*76
$GLGSV,2,1,07,69,17,138,16,70,84,095,16,71,43,329,08,73,57,233,*60
$GLGSV,2,2,07,74,11,222,,79,08,037,,80,60,026,24*5D
$GNGLL,3902.66188,N,07730.59283,W,174815.00,A,A*64
$GNRMC,174816.00,A,3902.66181,N,07730.59244,W,0.472,,011125,,,A*7B
$GNVTG,,T,,M,0.472,N,0.874,K,A*37
$GNGGA,174816.00,3902.66181,N,07730.59244,W,1,07,1.70,101.5,M,-34.5,M,,*7B
$GNGSA,A,3,26,28,31,32,,,,,,,,,2.87,1.70,2.32*19
$GNGSA,A,3,80,71,69,,,,,,,,,,2.87,1.70,2.32*15
$GPGSV,3,1,10,01,04,258,,03,40,298,,04,18,307,,16,27,198,*7F
$GPGSV,3,2,10,25,11,042,12,26,66,182,17,28,53,047,12,29,15,074,*72
$GPGSV,3,3,10,31,72,338,24,32,35,117,14*74
$GLGSV,2,1,07,69,17,138,17,70,84,095,16,71,43,329,08,73,57,233,*61
$GLGSV,2,2,07,74,11,222,,79,08,037,,80,60,026,24*5D
$GNGLL,3902.66181,N,07730.59244,W,174816.00,A,A*65
$GNRMC,174817.00,A,3902.66230,N,07730.59210,W,0.933,,011125,,,A*7A
$GNVTG,,T,,M,0.933,N,1.728,K,A*38
$GNGGA,174817.00,3902.66230,N,07730.59210,W,1,07,1.70,100.9,M,-34.5,M,,*7F
$GNGSA,A,3,26,28,31,32,,,,,,,,,2.87,1.70,2.32*19
$GNGSA,A,3,80,71,69,,,,,,,,,,2.87,1.70,2.32*15
$GPGSV,3,1,10,01,04,258,,03,40,298,,04,18,307,,16,27,198,*7F
$GPGSV,3,2,10,25,11,042,,26,66,182,15,28,53,047,13,29,15,074,*72
$GPGSV,3,3,10,31,72,338,25,32,35,117,14*75
$GLGSV,2,1,07,69,17,138,19,70,84,095,15,71,43,329,08,73,57,233,*6C
$GLGSV,2,2,07,74,11,222,,79,08,037,,80,60,026,24*5D
$GNGLL,3902.66230,N,07730.59210,W,174817.00,A,A*6C
$GNRMC,174818.00,A,3902.66277,N,07730.59208,W,1.277,,011125,,,A*75
$GNVTG,,T,,M,1.277,N,2.365,K,A*3C
$GNGGA,174818.00,3902.66277,N,07730.59208,W,1,07,1.70,100.6,M,-34.5,M,,*75
$GNGSA,A,3,26,28,31,32,,,,,,,,,2.87,1.70,2.32*19
$GNGSA,A,3,80,71,69,,,,,,,,,,2.87,1.70,2.32*15
$GPGSV,3,1,10,01,04,258,,03,40,298,21,04,18,307,,16,27,198,*7C
$GPGSV,3,2,10,25,11,042,,26,66,182,16,28,53,047,15,29,15,074,*77
$GPGSV,3,3,10,31,72,338,26,32,35,117,16*74
$GLGSV,2,1,07,69,17,138,19,70,84,095,16,71,43,329,08,73,57,233,*6F
$GLGSV,2,2,07,74,11,222,,79,08,037,,80,60,026,26*5F
$GNGLL,3902.66277,N,07730.59208,W,174818.00,A,A*69
$GNRMC,174819.00,A,3902.66255,N,07730.59249,W,0.888,,011125,,,A*7A
$GNVTG,,T,,M,0.888,N,1.644,K,A*32
$GNGGA,174819.00,3902.66255,N,07730.59249,W,1,07,1.70,100.2,M,-34.5,M,,*75
$GNGSA,A,3,26,28,31,32,,,,,,,,,2.87,1.70,2.32*19
$GNGSA,A,3,80,71,69,,,,,,,,,,2.87,1.70,2.32*15
$GPGSV,3,1,10,01,04,258,,03,40,298,20,04,18,307,,16,27,198,*7D
$GPGSV,3,2,10,25,11,042,,26,66,182,18,28,53,047,17,29,15,074,*7B
$GPGSV,3,3,10,31,72,338,27,32,35,117,18*7B
$GLGSV,2,1,07,69,17,138,19,70,84,095,18,71,43,329,17,73,57,233,*6F
$GLGSV,2,2,07,74,11,222,,79,08,037,,80,60,026,27*5E
$GNGLL,3902.66255,N,07730.59249,W,174819.00,A,A*6D
$GNRMC,174820.00,A,3902.66202,N,07730.59305,W,0.215,,011125,,,A*75
$GNVTG,,T,,M,0.215,N,0.398,K,A*39
$GNGGA,174820.00,3902.66202,N,07730.59305,W,1,07,1.70,100.0,M,-34.5,M,,*76
$GNGSA,A,3,26,28,31,32,,,,,,,,,2.87,1.70,2.32*19
$GNGSA,A,3,80,71,69,,,,,,,,,,2.87,1.70,2.32*15
$GPGSV,3,1,10,01,04,258,,03,40,298,20,04,18,307,,16,27,198,*7D
$GPGSV,3,2,10,25,11,042,,26,66,182,16,28,53,047,18,29,15,074,*7A
$GPGSV,3,3,10,31,72,338,27,32,35,117,20*70
$GLGSV,2,1,07,69,17,138,19,70,84,095,19,71,43,329,17,73,57,233,05*6B
$GLGSV,2,2,07,74,11,222,,79,07,037,,80,60,026,27*51
$GNGLL,3902.66202,N,07730.59305,W,174820.00,A,A*6C
$GNRMC,174821.00,A,3902.66208,N,07730.59350,W,0.406,,011125,,,A*7A
$GNVTG,,T,,M,0.406,N,0.752,K,A*3F
$GNGGA,174821.00,3902.66208,N,07730.59350,W,1,07,1.70,99.8,M,-34.5,M,,*44
$GNGSA,A,3,26,28,31,32,,,,,,,,,2.87,1.70,2.32*19
$GNGSA,A,3,80,71,69,,,,,,,,,,2.87,1.70,2.32*15
$GPGSV,3,1,10,01,04,258,,03,40,298,20,04,18,307,,16,27,198,*7D
$GPGSV,3,2,10,25,11,042,,26,66,182,19,28,53,047,19,29,15,074,*74
$GPGSV,3,3,10,31,72,338,27,32,35,117,20*70
$GLGSV,2,1,07,69,17,138,20,70,84,095,19,71,43,329,14,73,57,233,*67
$GLGSV,2,2,07,74,11,222,,79,07,037,,80,60,026,27*51
$GNGLL,3902.66208,N,07730.59350,W,174821.00,A,A*67
$GNRMC,174822.00,A,3902.66192,N,07730.59306,W,0.263,,011125,,,A*7F
$GNVTG,,T,,M,0.263,N,0.487,K,A*31
$GNGGA,174822.00,3902.66192,N,07730.59306,W,1,07,1.70,100.0,M,-34.5,M,,*7D
$GNGSA,A,3,26,28,31,32,,,,,,,,,2.87,1.70,2.32*19
$GNGSA,A,3,80,71,69,,,,,,,,,,2.87,1.70,2.32*15
$GPGSV,3,1,10,01,04,258,,03,40,298,19,04,18,307,,16,27,198,*77
$GPGSV,3,2,10,25,11,042,,26,66,182,20,28,53,047,19,29,15,074,*7E
$GPGSV,3,3,10,31,72,338,26,32,35,117,20*71
$GLGSV,2,1,07,69,17,138,21,70,84,095,18,71,43,329,14,73,57,233,*67
$GLGSV,2,2,07,74,11,222,,79,07,037,,80,60,026,27*51
$GNGLL,3902.66192,N,07730.59306,W,174822.00,A,A*67
$GNRMC,174823.00,A,3902.66164,N,07730.59359,W,0.095,,011125,,,A*76
$GNVTG,,T,,M,0.095,N,0.176,K,A*31
$GNGGA,174823.00,3902.66164,N,07730.59359,W,1,07,1.70,99.8,M,-34.5,M,,*46
$GNGSA,A,3,26,28,31,32,,,,,,,,,2.87,1.70,2.32*19
$GNGSA,A,3,80,71,69,,,,,,,,,,2.87,1.70,2.32*15
$GPGSV,3,1,10,01,04,258,,03,40,298,17,04,18,307,,16,27,198,*79
$GPGSV,3,2,10,25,11,042,,26,66,182,21,28,53,047,20,29,15,074,*75
$GPGSV,3,3,10,31,72,338,27,32,35,117,19*7A
$GLGSV,2,1,07,69,17,138,20,70,84,095,19,71,43,329,14,73,57,233,*67
$GLGSV,2,2,07,74,11,222,,79,07,037,,80,60,026,26*50
$GNGLL,3902.66164,N,07730.59359,W,174823.00,A,A*65
$GNRMC,174824.00,A,3902.66134,N,07730.59368,W,0.252,,011125,,,A*7F
$GNVTG,,T,,M,0.252,N,0.467,K,A*3D
$GNGGA,174824.00,3902.66134,N,07730.59368,W,1,07,1.70,99.6,M,-34.5,M,,*48
$GNGSA,A,3,26,28,31,32,,,,,,,,,2.87,1.70,2.32*19
$GNGSA,A,3,80,71,69,,,,,,,,,,2.87,1.70,2.32*15
$GPGSV,3,1,10,01,04,258,,03,40,298,16,04,18,307,,16,27,198,*78
$GPGSV,3,2,10,25,11,042,,26,66,182,22,28,53,047,20,29,15,074,*76
$GPGSV,3,3,10,31,72,338,27,32,35,117,19*7A
$GLGSV,2,1,07,69,17,138,20,70,84,095,19,71,43,329,14,73,57,233,*67
$GLGSV,2,2,07,74,11,222,,79,07,037,,80,60,026,26*50
$GNGLL,3902.66134,N,07730.59368,W,174824.00,A,A*65
$GNRMC,174825.00,A,3902.66129,N,07730.59411,W,0.283,,011125,,,A*77
$GNVTG,,T,,M,0.283,N,0.525,K,A*36
$GNGGA,174825.00,3902.66129,N,07730.59411,W,1,07,1.70,98.6,M,-34.5,M,,*4D
$GNGSA,A,3,26,28,31,32,,,,,,,,,2.87,1.70,2.32*19
$GNGSA,A,3,80,71,69,,,,,,,,,,2.87,1.70,2.32*15
$GPGSV,3,1,10,01,04,258,,03,40,298,17,04,18,307,,16,27,198,*79
$GPGSV,3,2,10,25,11,042,,26,66,182,20,28,53,047,19,29,15,074,*7E
$GPGSV,3,3,10,31,72,338,28,32,35,117,21*7E
$GLGSV,2,1,07,69,17,138,21,70,84,095,19,71,43,329,12,73,57,233,*60
$GLGSV,2,2,07,74,11,222,,79,07,037,,80,60,026,26*50
$GNGLL,3902.66129,N,07730.59411,W,174825.00,A,A*61
$GNRMC,174826.00,A,3902.66167,N,07730.59438,W,0.365,,011125,,,A*7C
$GNVTG,,T,,M,0.365,N,0.677,K,A*3B
$GNGGA,174826.00,3902.66167,N,07730.59438,W,1,07,1.70,97.9,M,-34.5,M,,*4F
$GNGSA,A,3,26,28,31,32,,,,,,,,,2.87,1.70,2.32*19
$GNGSA,A,3,80,71,69,,,,,,,,,,2.87,1.70,2.32*15
$GPGSV,3,1,10,01,04,258,,03,40,298,17,04,18,307,,16,27,198,*79
$GPGSV,3,2,10,25,11,042,15,26,66,182,18,28,53,047,18,29,15,074,*70
$GPGSV,3,3,10,31,72,338,27,32,35,117,21*71
$GLGSV,2,1,07,69,17,138,22,70,84,095,18,71,43,329,12,73,57,233,20*60
$GLGSV,2,2,07,74,11,222,,79,07,037,,80,60,026,25*53
$GNGLL,3902.66167,N,07730.59438,W,174826.00,A,A*63
$GNRMC,174827.00,A,3902.66140,N,07730.59495,W,0.502,,011125,,,A*78
$GNVTG,,T,,M,0.502,N,0.929,K,A*38
$GNGGA,174827.00,3902.66140,N,07730.59495,W,1,07,1.70,97.8,M,-34.5,M,,*4D
$GNGSA,A,3,26,28,31,32,,,,,,,,,2.87,1.70,2.32*19
$GNGSA,A,3,80,71,69,,,,,,,,,,2.87,1.70,2.32*15
$GPGSV,3,1,10,01,04,258,,03,40,298,17,04,18,307,,16,27,198,*79
$GPGSV,3,2,10,25,11,042,16,26,66,182,17,28,53,047,17,29,15,074,*73
$GPGSV,3,3,10,31,72,338,28,32,35,117,20*7F
$GLGSV,2,1,07,69,17,138,22,70,84,095,18,71,43,329,12,73,57,233,21*61
$GLGSV,2,2,07,74,11,222,,79,07,037,,80,60,026,25*53
$GNGLL,3902.66140,N,07730.59495,W,174827.00,A,A*60
$GNRMC,174828.00,A,3902.66133,N,07730.59640,W,1.454,,011125,,,A*7A
$GNVTG,,T,,M,1.454,N,2.693,K,A*37
$GNGGA,174828.00,3902.66133,N,07730.59640,W,1,07,2.28,97.6,M,-34.5,M,,*4C
$GNGSA,A,3,26,28,31,32,,,,,,,,,4.70,2.28,4.11*1E
$GNGSA,A,3,80,73,69,,,,,,,,,,4.70,2.28,4.11*10
$GPGSV,3,1,10,01,04,258,,03,40,298,17,04,18,307,,16,27,198,*79
$GPGSV,3,2,10,25,11,042,15,26,66,182,16,28,53,047,15,29,15,074,*73
$GPGSV,3,3,10,31,72,338,28,32,35,117,17*7B
$GLGSV,2,1,07,69,17,138,22,70,84,095,18,71,43,329,,73,57,233,22*61
$GLGSV,2,2,07,74,11,222,,79,07,037,,80,60,026,25*53
$GNGLL,3902.66133,N,07730.59640,W,174828.00,A,A*61
$GNRMC,174829.00,A,3902.66145,N,07730.59707,W,1.253,,011125,,,A*79
$GNVTG,,T,,M,1.253,N,2.321,K,A*3A
$GNGGA,174829.00,3902.66145,N,07730.59707,W,1,07,2.28,97.1,M,-34.5,M,,*49
$GNGSA,A,3,26,28,31,32,,,,,,,,,4.70,2.28,4.11*1E
$GNGSA,A,3,80,73,69,,,,,,,,,,4.70,2.28,4.11*10
$GPGSV,3,1,10,01,04,258,,03,40,298,17,04,18,307,,16,27,198,*79
$GPGSV,3,2,10,25,11,042,13,26,66,182,16,28,53,047,14,29,15,074,*74
$GPGSV,3,3,10,31,72,338,27,32,35,117,17*74
$GLGSV,2,1,07,69,17,138,22,70,84,095,18,71,43,329,,73,57,233,21*62
$GLGSV,2,2,07,74,11,222,,79,07,037,,80,60,026,24*52
$GNGLL,3902.66145,N,07730.59707,W,174829.00,A,A*63
$GNRMC,174830.00,A,3902.66175,N,07730.59702,W,0.923,,011125,,,A*7A
$GNVTG,,T,,M,0.923,N,1.709,K,A*3A
$GNGGA,174830.00,3902.66175,N,07730.59702,W,1,07,2.28,97.3,M,-34.5,M,,*45
$GNGSA,A,3,26,28,31,32,,,,,,,,,4.69,2.28,4.11*16
$GNGSA,A,3,80,73,69,,,,,,,,,,4.69,2.28,4.11*18
$GPGSV,3,1,10,01,04,258,,03,40,298,18,04,18,307,,16,27,198,*76
$GPGSV,3,2,10,25,11,042,12,26,66,182,20,28,53,047,16,29,15,074,*72
$GPGSV,3,3,10,31,72,338,27,32,35,117,17*74
$GLGSV,2,1,07,69,17,138,22,70,84,095,18,71,43,329,,73,57,233,19*69
$GLGSV,2,2,07,74,11,222,,79,07,037,20,80,60,026,26*52
$GNGLL,3902.66175,N,07730.59702,W,174830.00,A,A*6D
$GNRMC,174831.00,A,3902.66172,N,07730.59709,W,0.528,,011125,,,A*70
$GNVTG,,T,,M,0.528,N,0.977,K,A*3B
$GNGGA,174831.00,3902.66172,N,07730.59709,W,1,06,3.05,97.3,M,-34.5,M,,*47
$GNGSA,A,3,26,28,31,32,,,,,,,,,5.61,3.05,4.70*16
$GNGSA,A,3,80,69,,,,,,,,,,,5.61,3.05,4.70*1C
$GPGSV,3,1,10,01,04,258,,03,40,298,19,04,18,307,,16,27,198,*77
$GPGSV,3,2,10,25,11,042,13,26,66,182,21,28,53,047,19,29,15,074,*7D
$GPGSV,3,3,10,31,72,338,26,32,35,117,20*71
$GLGSV,2,1,07,69,17,138,22,70,84,095,18,71,43,329,,73,57,233,*61
$GLGSV,2,2,07,74,11,222,,79,07,037,20,80,60,026,26*52
$GNGLL,3902.66172,N,07730.59709,W,174831.00,A,A*60
$GNRMC,174832.00,A,3902.66148,N,07730.59712,W,0.151,,011125,,,A*7A
$GNVTG,,T,,M,0.151,N,0.279,K,A*34
$GNGGA,174832.00,3902.66148,N,07730.59712,W,1,06,3.05,97.2,M,-34.5,M,,*46
$GNGSA,A,3,26,28,31,32,,,,,,,,,5.60,3.05,4.70*17
$GNGSA,A,3,80,69,,,,,,,,,,,5.60,3.05,4.70*1D
$GPGSV,3,1,10,01,04,258,,03,41,297,18,04,18,307,,16,27,198,*78
$GPGSV,3,2,10,25,11,042,13,26,66,182,22,28,53,047,20,29,15,074,*74
$GPGSV,3,3,10,31,72,338,26,32,35,117,20*71
$GLGSV,2,1,07,69,17,138,22,70,84,095,18,71,43,329,,73,57,233,*61
$GLGSV,2,2,07,74,11,222,,79,07,037,21,80,60,026,26*53
$GNGLL,3902.66148,N,07730.59712,W,174832.00,A,A*60
$GNRMC,174833.00,A,3902.66162,N,07730.59662,W,0.754,,011125,,,A*76
$GNVTG,,T,,M,0.754,N,1.397,K,A*37
$GNGGA,174833.00,3902.66162,N,07730.59662,W,1,06,3.05,97.3,M,-34.5,M,,*48
$GNGSA,A,3,26,28,31,32,,,,,,,,,5.60,3.05,4.70*17
$GNGSA,A,3,80,69,,,,,,,,,,,5.60,3.05,4.70*1D
$GPGSV,3,1,10,01,04,258,,03,41,297,17,04,19,307,,16,27,198,*76
$GPGSV,3,2,10,25,11,042,12,26,66,182,22,28,53,047,20,29,15,074,*75
$GPGSV,3,3,10,31,72,338,25,32,35,117,20*72
$GLGSV,2,1,07,69,17,138,22,70,84,095,17,71,43,329,,73,57,233,*6E
$GLGSV,2,2,07,74,11,222,,79,07,037,21,80,60,026,26*53
$GNGLL,3902.66162,N,07730.59662,W,174833.00,A,A*6F
$GNRMC,174834.00,A,3902.66204,N,07730.59646,W,1.206,,011125,,,A*77
$GNVTG,,T,,M,1.206,N,2.233,K,A*38
$GNGGA,174834.00,3902.66204,N,07730.59646,W,1,06,3.05,97.2,M,-34.5,M,,*4B
$GNGSA,A,3,26,28,31,32,,,,,,,,,5.60,3.05,4.70*17
$GNGSA,A,3,80,69,,,,,,,,,,,5.60,3.05,4.70*1D
$GPGSV,3,1,10,01,04,258,,03,41,297,17,04,19,307,,16,27,198,*76
$GPGSV,3,2,10,25,11,042,13,26,66,182,20,28,53,047,20,29,15,074,*76
$GPGSV,3,3,10,31,72,338,25,32,35,117,20*72
$GLGSV,2,1,07,69,17,138,20,70,84,095,17,71,43,329,,73,57,233,*6C
$GLGSV,2,2,07,74,11,222,,79,07,037,19,80,60,026,25*5B
$GNGLL,3902.66204,N,07730.59646,W,174834.00,A,A*6D
$GNRMC,174835.00,A,3902.66186,N,07730.59657,W,0.920,,011125,,,A*71
$GNVTG,,T,,M,0.920,N,1.703,K,A*33
$GNGGA,174835.00,3902.66186,N,07730.59657,W,1,06,3.05,97.4,M,-34.5,M,,*45
$GNGSA,A,3,26,28,31,32,,,,,,,,,5.60,3.05,4.70*17
$GNGSA,A,3,80,69,,,,,,,,,,,5.60,3.05,4.70*1D
$GPGSV,3,1,10,01,04,258,,03,41,297,16,04,19,307,,16,27,198,*77
$GPGSV,3,2,10,25,11,042,13,26,66,182,20,28,53,047,19,29,15,074,*7C
$GPGSV,3,3,10,31,72,338,25,32,35,117,19*78
$GLGSV,2,1,07,69,17,138,20,70,84,095,18,71,43,329,,73,57,233,*63
$GLGSV,2,2,07,74,11,222,,79,07,037,18,80,60,026,25*5A
$GNGLL,3902.66186,N,07730.59657,W,174835.00,A,A*65
$GNRMC,174836.00,A,3902.66173,N,07730.59693,W,0.675,,011125,,,A*7F
$GNVTG,,T,,M,0.675,N,1.249,K,A*37
$GNGGA,174836.00,3902.66173,N,07730.59693,W,1,06,3.05,97.2,M,-34.5,M,,*42
$GNGSA,A,3,26,28,31,32,,,,,,,,,5.60,3.05,4.70*17
$GNGSA,A,3,80,69,,,,,,,,,,,5.60,3.05,4.70*1D
$GPGSV,3,1,10,01,04,258,,03,41,297,16,04,19,307,,16,27,198,*77
$GPGSV,3,2,10,25,11,042,12,26,66,182,20,28,53,047,18,29,15,074,*7C
$GPGSV,3,3,10,31,72,338,25,32,35,117,20*72
$GLGSV,2,1,07,69,17,138,20,70,84,095,17,71,43,329,,73,57,233,*6C
$GLGSV,2,2,07,74,11,222,,79,07,037,19,80,60,026,25*5B
$GNGLL,3902.66173,N,07730.59693,W,174836.00,A,A*64
$GNRMC,174837.00,A,3902.66163,N,07730.59699,W,0.632,,011125,,,A*76
$GNVTG,,T,,M,0.632,N,1.170,K,A*3D
$GNGGA,174837.00,3902.66163,N,07730.59699,W,1,06,3.05,96.9,M,-34.5,M,,*42
$GNGSA,A,3,26,28,31,32,,,,,,,,,5.60,3.05,4.69*1F
$GNGSA,A,3,80,69,,,,,,,,,,,5.60,3.05,4.69*15
$GPGSV,3,1,10,01,04,258,,03,41,297,17,04,19,307,,16,27,198,*76
$GPGSV,3,2,10,25,11,042,11,26,66,182,19,28,53,047,16,29,15,074,*7B
$GPGSV,3,3,10,31,72,338,25,32,35,117,18*79
$GLGSV,2,1,07,69,17,138,20,70,84,095,17,71,43,329,,73,57,233,19*64
$GLGSV,2,2,07,74,11,222,,79,07,037,18,80,60,026,25*5A
$GNGLL,3902.66163,N,07730.59699,W,174837.00,A,A*6E
$GNRMC,174838.00,A,3902.66085,N,07730.59739,W,0.259,,011125,,,A*72
$GNVTG,,T,,M,0.259,N,0.480,K,A*3F
$GNGGA,174838.00,3902.66085,N,07730.59739,W,1,06,3.05,96.7,M,-34.5,M,,*41
$GNGSA,A,3,26,28,31,32,,,,,,,,,5.60,3.05,4.69*1F
$GNGSA,A,3,80,69,,,,,,,,,,,5.60,3.05,4.69*15
$GPGSV,3,1,10,01,04,258,,03,41,297,17,04,19,307,,16,27,198,*76
$GPGSV,3,2,10,25,11,042,11,26,66,182,17,28,53,047,14,29,15,074,*77
$GPGSV,3,3,10,31,72,338,25,32,35,117,18*79
$GLGSV,2,1,07,69,17,138,20,70,84,095,17,71,43,329,,73,57,233,17*6A
$GLGSV,2,2,07,74,11,222,,79,07,037,18,80,60,026,25*5A
$GNGLL,3902.66085,N,07730.59739,W,174838.00,A,A*63
$GNRMC,174839.00,A,3902.66035,N,07730.59750,W,0.319,,011125,,,A*72
$GNVTG,,T,,M,0.319,N,0.590,K,A*3A
$GNGGA,174839.00,3902.66035,N,07730.59750,W,1,06,3.05,96.9,M,-34.5,M,,*4A
$GNGSA,A,3,26,28,31,32,,,,,,,,,5.60,3.05,4.69*1F
$GNGSA,A,3,80,69,,,,,,,,,,,5.60,3.05,4.69*15
$GPGSV,3,1,10,01,04,258,,03,41,297,17,04,19,307,07,16,27,198,*71
$GPGSV,3,2,10,25,11,042,12,26,66,182,17,28,53,047,15,29,15,074,*75
$GPGSV,3,3,10,31,72,338,25,32,35,117,18*79
$GLGSV,2,1,07,69,17,138,21,70,84,095,16,71,43,329,,73,57,233,17*6A
$GLGSV,2,2,07,74,11,222,,79,07,037,18,80,60,026,25*5A
$GNGLL,3902.66035,N,07730.59750,W,174839.00,A,A*66
$GNRMC,174840.00,A,3902.65981,N,07730.59780,W,0.535,,011125,,,A*7C
$GNVTG,,T,,M,0.535,N,0.991,K,A*3F
$GNGGA,174840.00,3902.65981,N,07730.59780,W,1,07,2.27,97.1,M,-34.5,M,,*45
$GNGSA,A,3,26,28,31,32,,,,,,,,,4.68,2.27,4.10*19
$GNGSA,A,3,80,73,69,,,,,,,,,,4.68,2.27,4.10*17
$GPGSV,3,1,10,01,04,258,,03,41,297,18,04,19,307,09,16,27,198,*70
$GPGSV,3,2,10,25,11,042,11,26,66,182,19,28,53,047,16,29,15,074,*7B
$GPGSV,3,3,10,31,72,338,25,32,35,117,18*79
$GLGSV,2,1,07,69,17,138,20,70,84,095,16,71,43,329,,73,57,233,17*6B
$GLGSV,2,2,07,74,11,222,,79,07,037,18,80,60,026,25*5A
$GNGLL,3902.65981,N,07730.59780,W,174840.00,A,A*60
$GNRMC,174841.00,A,3902.65967,N,07730.59774,W,0.285,,011125,,,A*72
$GNVTG,,T,,M,0.285,N,0.527,K,A*32
$GNGGA,174841.00,3902.65967,N,07730.59774,W,1,07,2.27,97.3,M,-34.5,M,,*45
$GNGSA,A,3,26,28,31,32,,,,,,,,,4.68,2.27,4.09*11
$GNGSA,A,3,80,73,69,,,,,,,,,,4.68,2.27,4.09*1F
$GPGSV,3,1,10,01,04,258,,03,41,297,17,04,19,307,13,16,27,198,*74
$GPGSV,3,2,10,25,11,042,,26,66,182,19,28,53,047,16,29,15,074,*7B
$GPGSV,3,3,10,31,72,338,25,32,35,117,17*76
$GLGSV,2,1,07,69,17,138,19,70,84,095,16,71,43,329,,73,57,233,17*61
$GLGSV,2,2,07,74,11,222,,79,07,037,19,80,60,026,26*58
$GNGLL,3902.65967,N,07730.59774,W,174841.00,A,A*62
$GNRMC,174842.00,A,3902.65934,N,07730.59788,W,0.426,,011125,,,A*7B
$GNVTG,,T,,M,0.426,N,0.789,K,A*3B
$GNGGA,174842.00,3902.65934,N,07730.59788,W,1,07,2.27,97.2,M,-34.5,M,,*42
$GNGSA,A,3,26,28,31,32,,,,,,,,,4.68,2.27,4.09*11
$GNGSA,A,3,80,73,69,,,,,,,,,,4.68,2.27,4.09*1F
$GPGSV,3,1,10,01,04,258,,03,41,297,16,04,19,307,14,16,27,198,*72
$GPGSV,3,2,10,25,11,042,,26,66,182,20,28,53,047,16,29,15,074,*71
$GPGSV,3,3,10,31,72,338,25,32,35,117,17*76
$GLGSV,2,1,07,69,17,138,18,70,84,095,17,71,43,329,,73,57,233,18*6E
$GLGSV,2,2,07,74,11,222,,79,07,037,18,80,60,026,25*5A
$GNGLL,3902.65934,N,07730.59788,W,174842.00,A,A*64
$GNRMC,174843.00,A,3902.65900,N,07730.59712,W,0.472,,011125,,,A*7F
$GNVTG,,T,,M,0.472,N,0.875,K,A*36
$GNGGA,174843.00,3902.65900,N,07730.59712,W,1,07,2.27,97.9,M,-34.5,M,,*4C
$GNGSA,A,3,26,28,31,32,,,,,,,,,4.68,2.27,4.09*11
$GNGSA,A,3,80,73,69,,,,,,,,,,4.68,2.27,4.09*1F
$GPGSV,3,1,10,01,04,258,,03,41,297,15,04,19,307,12,16,27,198,*77
$GPGSV,3,2,10,25,11,042,,26,66,182,18,28,53,047,16,29,15,074,*7A
$GPGSV,3,3,10,31,72,338,27,32,35,117,16*75
$GLGSV,2,1,07,69,17,138,18,70,84,095,16,71,43,329,24,73,57,233,19*68
$GLGSV,2,2,07,74,11,222,,79,07,037,17,80,60,026,23*53
$GNGLL,3902.65900,N,07730.59712,W,174843.00,A,A*61
$GNRMC,174844.00,A,3902.65889,N,07730.59676,W,0.453,,011125,,,A*78
$GNVTG,,T,,M,0.453,N,0.839,K,A*3D
$GNGGA,174844.00,3902.65889,N,07730.59676,W,1,07,2.27,97.9,M,-34.5,M,,*48
$GNGSA,A,3,26,28,31,32,,,,,,,,,4.68,2.27,4.09*11
$GNGSA,A,3,80,73,69,,,,,,,,,,4.68,2.27,4.09*1F
$GPGSV,3,1,10,01,04,258,,03,41,297,15,04,19,307,08,16,27,198,*7C
$GPGSV,3,2,10,25,11,042,,26,66,182,17,28,53,047,16,29,15,074,*75
$GPGSV,3,3,10,31,72,338,25,32,35,117,16*77
$GLGSV,2,1,07,69,17,138,18,70,84,095,16,71,43,329,,73,57,233,19*6E
$GLGSV,2,2,07,74,11,222,,79,07,037,17,80,60,026,22*52
$GNGLL,3902.65889,N,07730.59676,W,174844.00,A,A*65
$GNRMC,174845.00,A,3902.65880,N,07730.59711,W,0.350,,011125,,,A*74
$GNVTG,,T,,M,0.350,N,0.647,K,A*3E
$GNGGA,174845.00,3902.65880,N,07730.59711,W,1,07,2.27,98.5,M,-34.5,M,,*43
$GNGSA,A,3,26,28,31,32,,,,,,,,,4.68,2.27,4.09*11
$GNGSA,A,3,80,73,69,,,,,,,,,,4.68,2.27,4.09*1F
$GPGSV,3,1,10,01,04,258,,03,41,297,15,04,19,307,09,16,27,198,*7D
$GPGSV,3,2,10,25,11,042,,26,66,182,17,28,53,047,16,29,15,074,*75
$GPGSV,3,3,10,31,72,338,25,32,35,117,15*74
$GLGSV,2,1,07,69,17,138,18,70,84,095,15,71,43,329,,73,57,233,19*6D
$GLGSV,2,2,07,74,11,222,,79,07,037,16,80,60,026,22*53
$GNGLL,3902.65880,N,07730.59711,W,174845.00,A,A*6D
$GNRMC,174846.00,A,3902.65825,N,07730.59705,W,0.606,,011125,,,A*7B
$GNVTG,,T,,M,0.606,N,1.122,K,A*3D
$GNGGA,174846.00,3902.65825,N,07730.59705,W,1,07,2.27,98.5,M,-34.5,M,,*4A
$GNGSA,A,3,26,28,31,32,,,,,,,,,4.68,2.27,4.09*11
$GNGSA,A,3,80,73,69,,,,,,,,,,4.68,2.27,4.09*1F
$GPGSV,3,1,10,01,04,258,,03,41,297,13,04,19,307,09,16,27,198,*7B
$GPGSV,3,2,10,25,11,042,,26,66,182,15,28,53,047,15,29,15,074,*74
$GPGSV,3,3,10,31,72,338,25,32,35,117,14*75
$GLGSV,2,1,07,69,17,138,17,70,84,095,,71,43,329,,73,57,233,18*67
$GLGSV,2,2,07,74,11,222,,79,07,037,16,80,60,026,21*50
$GNGLL,3902.65825,N,07730.59705,W,174846.00,A,A*64
$GNRMC,174847.00,A,3902.65798,N,07730.59682,W,0.600,,011125,,,A*7B
$GNVTG,,T,,M,0.600,N,1.111,K,A*3B
$GNGGA,174847.00,3902.65798,N,07730.59682,W,1,07,2.27,98.7,M,-34.5,M,,*4E
$GNGSA,A,3,26,28,31,32,,,,,,,,,4.68,2.27,4.09*11
$GNGSA,A,3,80,73,69,,,,,,,,,,4.68,2.27,4.09*1F
$GPGSV,3,1,10,01,04,258,,03,41,297,15,04,19,307,,16,27,198,*74
$GPGSV,3,2,10,25,11,042,,26,66,182,15,28,53,047,15,29,15,074,*74
$GPGSV,3,3,10,31,72,338,24,32,35,117,14*74
$GLGSV,2,1,07,69,17,138,17,70,84,095,,71,43,329,,73,57,233,18*67
$GLGSV,2,2,07,74,11,222,,79,07,037,15,80,60,026,20*52
$GNGLL,3902.65798,N,07730.59682,W,174847.00,A,A*62
$GNRMC,174848.00,A,3902.65853,N,07730.59531,W,0.840,,011125,,,A*7D
$GNVTG,,T,,M,0.840,N,1.557,K,A*37
$GNGGA,174848.00,3902.65853,N,07730.59531,W,1,07,2.27,98.6,M,-34.5,M,,*43
$GNGSA,A,3,26,28,31,32,,,,,,,,,4.68,2.27,4.09*11
$GNGSA,A,3,80,73,69,,,,,,,,,,4.68,2.27,4.09*1F
$GPGSV,3,1,10,01,04,258,,03,41,297,15,04,19,307,,16,27,198,*74
$GPGSV,3,2,10,25,11,042,,26,66,182,15,28,53,047,16,29,15,074,*77
$GPGSV,3,3,10,31,72,338,24,32,35,117,14*74
$GLGSV,2,1,07,69,17,138,17,70,84,095,,71,43,329,,73,57,233,18*67
$GLGSV,2,2,07,74,11,222,,79,07,037,15,80,60,026,20*52
$GNGLL,3902.65853,N,07730.59531,W,174848.00,A,A*6E
$GNRMC,174849.00,A,3902.65862,N,07730.59500,W,0.715,,011125,,,A*73
$GNVTG,,T,,M,0.715,N,1.324,K,A*3A
$GNGGA,174849.00,3902.65862,N,07730.59500,W,1,07,2.27,98.8,M,-34.5,M,,*4C
$GNGSA,A,3,26,28,31,32,,,,,,,,,4.68,2.27,4.09*11
$GNGSA,A,3,80,73,69,,,,,,,,,,4.68,2.27,4.09*1F
$GPGSV,3,1,10,01,04,258,,03,41,297,14,04,19,307,,16,27,198,*75
$GPGSV,3,2,10,25,11,042,,26,66,182,15,28,53,047,16,29,15,074,*77
$GPGSV,3,3,10,31,72,338,25,32,35,117,14*75
$GLGSV,2,1,07,69,17,138,16,70,84,095,,71,43,329,,73,57,233,18*66
$GLGSV,2,2,07,74,11,222,,79,07,037,15,80,60,026,19*58
$GNGLL,3902.65862,N,07730.59500,W,174849.00,A,A*6F
$GNRMC,174850.00,A,3902.65866,N,07730.59422,W,0.923,,011125,,,A*75
$GNVTG,,T,,M,0.923,N,1.710,K,A*32
$GNGGA,174850.00,3902.65866,N,07730.59422,W,1,07,2.27,99.0,M,-34.5,M,,*48
$GNGSA,A,3,26,28,31,32,,,,,,,,,4.67,2.27,4.08*1F
$GNGSA,A,3,80,73,69,,,,,,,,,,4.67,2.27,4.08*11
$GPGSV,3,1,10,01,04,258,,03,41,297,15,04,19,307,,16,27,198,*74
$GPGSV,3,2,10,25,11,042,,26,66,182,15,28,53,047,16,29,15,074,*77
$GPGSV,3,3,10,31,72,338,25,32,35,117,15*74
$GLGSV,2,1,07,69,17,138,17,70,84,095,,71,43,329,,73,57,233,18*67
$GLGSV,2,2,07,74,11,222,,79,07,037,14,80,60,026,19*59
$GNGLL,3902.65866,N,07730.59422,W,174850.00,A,A*62
$GNRMC,174851.00,A,3902.65863,N,07730.59314,W,1.373,,011125,,,A*7D
$GNVTG,,T,,M,1.373,N,2.542,K,A*3A
$GNGGA,174851.00,3902.65863,N,07730.59314,W,1,07,2.27,98.9,M,-34.5,M,,*46
$GNGSA,A,3,26,28,31,32,,,,,,,,,4.67,2.27,4.08*1F
$GNGSA,A,3,80,73,69,,,,,,,,,,4.67,2.27,4.08*11
$GPGSV,3,1,10,01,04,258,,03,41,297,15,04,19,307,,16,27,198,*74
$GPGSV,3,2,10,25,11,042,,26,66,182,14,28,53,047,15,29,15,074,*75
$GPGSV,3,3,10,31,72,338,24,32,35,117,15*75
$GLGSV,2,1,07,69,17,138,16,70,84,095,,71,43,329,,73,57,233,18*66
$GLGSV,2,2,07,74,11,222,,79,07,037,14,80,60,026,19*59
$GNGLL,3902.65863,N,07730.59314,W,174851.00,A,A*64
$GNRMC,174852.00,A,3902.65940,N,07730.59173,W,2.066,,011125,,,A*79
$GNVTG,,T,,M,2.066,N,3.827,K,A*31
$GNGGA,174852.00,3902.65940,N,07730.59173,W,1,07,2.27,99.2,M,-34.5,M,,*4C
$GNGSA,A,3,26,28,31,32,,,,,,,,,4.67,2.27,4.08*1F
$GNGSA,A,3,80,73,69,,,,,,,,,,4.67,2.27,4.08*11
$GPGSV,3,1,10,01,04,258,,03,41,297,16,04,19,307,,16,27,198,*77
$GPGSV,3,2,10,25,11,042,,26,66,182,14,28,53,047,16,29,15,074,*76
$GPGSV,3,3,10,31,72,338,25,32,35,117,15*74
$GLGSV,2,1,07,69,17,138,16,70,84,095,,71,43,329,,73,57,233,17*69
$GLGSV,2,2,07,74,11,222,,79,07,037,14,80,60,026,20*53
$GNGLL,3902.65940,N,07730.59173,W,174852.00,A,A*64
$GNRMC,174853.00,A,3902.65887,N,07730.59116,W,1.705,,011125,,,A*70
$GNVTG,,T,,M,1.705,N,3.157,K,A*3E
$GNGGA,174853.00,3902.65887,N,07730.59116,W,1,07,2.27,99.5,M,-34.5,M,,*43
$GNGSA,A,3,26,28,31,32,,,,,,,,,4.67,2.27,4.08*1F
$GNGSA,A,3,80,73,69,,,,,,,,,,4.67,2.27,4.08*11
$GPGSV,3,1,10,01,04,258,,03,41,297,15,04,19,307,,16,27,198,*74
$GPGSV,3,2,10,25,11,042,,26,66,182,14,28,53,047,15,29,15,074,*75
$GPGSV,3,3,10,31,72,338,24,32,35,117,14*74
$GLGSV,2,1,07,69,17,138,15,70,84,095,,71,43,329,,73,57,233,18*65
$GLGSV,2,2,07,74,11,222,,79,07,037,14,80,60,026,20*53
$GNGLL,3902.65887,N,07730.59116,W,174853.00,A,A*6C
$GNRMC,174854.00,A,3902.65838,N,07730.59043,W,1.724,,011125,,,A*71
$GNVTG,,T,,M,1.724,N,3.192,K,A*34
$GNGGA,174854.00,3902.65838,N,07730.59043,W,1,07,2.27,99.6,M,-34.5,M,,*42
$GNGSA,A,3,26,28,31,32,,,,,,,,,4.67,2.27,4.08*1F
$GNGSA,A,3,80,73,69,,,,,,,,,,4.67,2.27,4.08*11
$GPGSV,3,1,10,01,04,258,,03,41,297,16,04,19,307,,16,27,198,*77
$GPGSV,3,2,10,25,11,042,,26,66,182,16,28,53,047,12,29,15,074,*70
$GPGSV,3,3,10,31,72,338,25,32,35,117,14*75
$GLGSV,2,1,07,69,17,138,15,70,84,095,,71,43,329,,73,57,233,18*65
$GLGSV,2,2,07,74,11,222,,79,07,037,14,80,60,026,22*51
$GNGLL,3902.65838,N,07730.59043,W,174854.00,A,A*6E
$GNRMC,174855.00,A,3902.65864,N,07730.59052,W,1.132,,011125,,,A*78
$GNVTG,,T,,M,1.132,N,2.096,K,A*31
$GNGGA,174855.00,3902.65864,N,07730.59052,W,1,07,2.27,99.3,M,-34.5,M,,*4F
$GNGSA,A,3,26,28,31,32,,,,,,,,,4.67,2.27,4.08*1F
$GNGSA,A,3,80,73,69,,,,,,,,,,4.67,2.27,4.08*11
$GPGSV,3,1,10,01,04,258,,03,41,297,16,04,19,307,,16,27,198,*77
$GPGSV,3,2,10,25,11,042,,26,67,182,19,28,53,047,15,29,15,074,*79
$GPGSV,3,3,10,31,72,338,26,32,35,117,15*77
$GLGSV,2,1,07,69,17,138,15,70,84,095,,71,43,329,,73,57,233,18*65
$GLGSV,2,2,07,74,11,222,,79,07,037,15,80,60,026,23*51
$GNGLL,3902.65864,N,07730.59052,W,174855.00,A,A*66
$GNRMC,174856.00,A,3902.65879,N,07730.58980,W,1.317,,011125,,,A*75
$GNVTG,,T,,M,1.317,N,2.438,K,A*34
$GNGGA,174856.00,3902.65879,N,07730.58980,W,1,07,2.27,99.4,M,-34.5,M,,*40
$GNGSA,A,3,26,28,31,32,,,,,,,,,4.67,2.27,4.08*1F
$GNGSA,A,3,80,73,69,,,,,,,,,,4.67,2.27,4.08*11
$GPGSV,3,1,10,01,04,258,,03,41,297,17,04,19,307,,16,27,198,*76
$GPGSV,3,2,10,25,11,042,,26,67,182,20,28,53,047,18,29,15,074,*7E
$GPGSV,3,3,10,31,72,338,27,32,35,117,16*75
$GLGSV,2,1,07,69,17,138,14,70,84,095,,71,43,329,,73,57,233,18*64
$GLGSV,2,2,07,74,11,222,,79,07,037,13,80,60,026,22*56
$GNGLL,3902.65879,N,07730.58980,W,174856.00,A,A*6E
$GNRMC,174857.00,A,3902.65881,N,07730.58952,W,1.167,,011125,,,A*79
$GNVTG,,T,,M,1.167,N,2.162,K,A*3B
$GNGGA,174857.00,3902.65881,N,07730.58952,W,1,07,2.27,99.7,M,-34.5,M,,*4A
$GNGSA,A,3,26,28,31,32,,,,,,,,,4.67,2.27,4.08*1F
$GNGSA,A,3,80,73,69,,,,,,,,,,4.67,2.27,4.08*11
$GPGSV,3,1,10,01,04,258,,03,41,297,18,04,19,307,,16,27,198,*79
$GPGSV,3,2,10,25,11,042,,26,67,182,21,28,53,048,18,29,15,074,*70
$GPGSV,3,3,10,31,72,338,27,32,35,117,16*75
$GLGSV,2,1,07,69,17,138,15,70,84,095,,71,43,329,,73,57,233,16*6B
$GLGSV,2,2,07,74,11,222,,79,07,037,14,80,60,026,22*51
$GNGLL,3902.65881,N,07730.58952,W,174857.00,A,A*67
$GNRMC,174858.00,A,3902.65927,N,07730.58884,W,1.665,,011125,,,A*74
$GNVTG,,T,,M,1.665,N,3.083,K,A*31
$GNGGA,174858.00,3902.65927,N,07730.58884,W,1,07,2.27,99.1,M,-34.5,M,,*44
$GNGSA,A,3,26,28,31,32,,,,,,,,,4.67,2.27,4.08*1F
$GNGSA,A,3,80,73,69,,,,,,,,,,4.67,2.27,4.08*11
$GPGSV,3,1,10,01,04,258,,03,41,297,18,04,19,307,,16,27,198,*79
$GPGSV,3,2,10,25,11,042,,26,67,182,21,28,53,048,19,29,15,074,*71
$GPGSV,3,3,10,31,72,338,27,32,35,117,18*7B
$GLGSV,2,1,07,69,17,138,15,70,84,095,,71,43,329,,73,57,233,16*6B
$GLGSV,2,2,07,74,11,222,,79,07,037,15,80,60,026,22*50
$GNGLL,3902.65927,N,07730.58884,W,174858.00,A,A*6F
$GNRMC,174859.00,A,3902.65923,N,07730.58864,W,1.452,,011125,,,A*79
$GNVTG,,T,,M,1.452,N,2.689,K,A*3A
$GNGGA,174859.00,3902.65923,N,07730.58864,W,1,07,2.27,98.7,M,-34.5,M,,*48
$GNGSA,A,3,26,28,31,32,,,,,,,,,4.67,2.27,4.07*10
$GNGSA,A,3,80,73,69,,,,,,,,,,4.67,2.27,4.07*1E
$GPGSV,3,1,10,01,04,258,,03,41,297,18,04,19,307,,16,27,198,*79
$GPGSV,3,2,10,25,11,042,,26,67,182,21,28,53,048,19,29,15,074,*71
$GPGSV,3,3,10,31,72,338,27,32,35,117,19*7A
$GLGSV,2,1,07,69,17,138,15,70,84,095,,71,43,329,,73,57,233,16*6B
$GLGSV,2,2,07,74,11,222,,79,07,037,15,80,60,026,22*50
$GNGLL,3902.65923,N,07730.58864,W,174859.00,A,A*64
$GNRMC,174900.00,A,3902.65901,N,07730.58880,W,0.898,,011125,,,A*75
$GNVTG,,T,,M,0.898,N,1.664,K,A*31
$GNGGA,174900.00,3902.65901,N,07730.58880,W,1,07,2.27,98.4,M,-34.5,M,,*4C
$GNGSA,A,3,26,28,31,32,,,,,,,,,4.66,2.27,4.07*11
$GNGSA,A,3,80,73,69,,,,,,,,,,4.66,2.27,4.07*1F
$GPGSV,3,1,10,01,04,258,,03,41,297,18,04,19,307,,16,27,198,*79
$GPGSV,3,2,10,25,11,042,,26,67,182,20,28,53,048,18,29,15,074,*71
$GPGSV,3,3,10,31,72,340,27,32,35,117,19*75
$GLGSV,2,1,07,69,17,138,16,70,84,095,,71,43,329,,73,57,233,15*6B
$GLGSV,2,2,07,74,11,222,,79,07,037,16,80,60,026,22*53
$GNGLL,3902.65901,N,07730.58880,W,174900.00,A,A*63
$GNRMC,174901.00,A,3902.65868,N,07730.58906,W,0.353,,011125,,,A*79
$GNVTG,,T,,M,0.353,N,0.653,K,A*38
$GNGGA,174901.00,3902.65868,N,07730.58906,W,1,07,2.27,98.1,M,-34.5,M,,*49
$GNGSA,A,3,26,28,31,32,,,,,,,,,4.66,2.27,4.07*11
$GNGSA,A,3,80,73,69,,,,,,,,,,4.66,2.27,4.07*1F
$GPGSV,3,1,10,01,04,258,,03,41,297,,04,19,307,,16,27,198,*70
$GPGSV,3,2,10,25,11,042,,26,67,182,20,28,53,048,18,29,15,074,*71
$GPGSV,3,3,10,31,72,340,27,32,34,117,19*74
$GLGSV,2,1,07,69,17,138,16,70,84,095,,71,43,329,,73,57,233,15*6B
$GLGSV,2,2,07,74,11,222,,79,07,037,16,80,60,026,22*53
$GNGLL,3902.65868,N,07730.58906,W,174901.00,A,A*63
$GNRMC,174902.00,A,3902.65898,N,07730.58828,W,0.868,,011125,,,A*7B
$GNVTG,,T,,M,0.868,N,1.607,K,A*3B
$GNGGA,174902.00,3902.65898,N,07730.58828,W,1,07,2.27,97.7,M,-34.5,M,,*41
$GNGSA,A,3,26,28,31,32,,,,,,,,,4.66,2.27,4.07*11
$GNGSA,A,3,80,73,69,,,,,,,,,,4.66,2.27,4.07*1F
$GPGSV,3,1,10,01,04,258,,03,41,297,19,04,19,307,,16,27,198,*78
$GPGSV,3,2,10,25,11,042,,26,67,182,20,28,53,048,18,29,15,074,*71
$GPGSV,3,3,10,31,72,340,27,32,34,117,18*75
$GLGSV,2,1,07,69,17,138,18,70,84,095,,71,43,329,,73,57,233,16*66
$GLGSV,2,2,07,74,11,222,,79,07,037,17,80,60,026,24*54
$GNGLL,3902.65898,N,07730.58828,W,174902.00,A,A*62
$GNRMC,174903.00,A,3902.65852,N,07730.58897,W,0.054,,011125,,,A*7F
$GNVTG,,T,,M,0.054,N,0.100,K,A*3D
$GNGGA,174903.00,3902.65852,N,07730.58897,W,1,07,2.27,97.3,M,-34.5,M,,*46
$GNGSA,A,3,26,28,31,32,,,,,,,,,4.66,2.27,4.07*11
$GNGSA,A,3,80,73,69,,,,,,,,,,4.66,2.27,4.07*1F
$GPGSV,3,1,10,01,04,258,,03,41,297,15,04,19,307,,16,27,198,*74
$GPGSV,3,2,10,25,11,042,,26,67,182,20,28,53,048,17,29,15,074,*7E
$GPGSV,3,3,10,31,72,340,27,32,34,117,19*74
$GLGSV,2,1,07,69,17,138,18,70,84,095,,71,43,329,,73,57,233,16*66
$GLGSV,2,2,07,74,11,222,,79,07,037,16,80,60,026,24*55
$GNGLL,3902.65852,N,07730.58897,W,174903.00,A,A*61
$GNRMC,174904.00,A,3902.65875,N,07730.58850,W,0.475,,011125,,,A*71
$GNVTG,,T,,M,0.475,N,0.879,K,A*3D
$GNGGA,174904.00,3902.65875,N,07730.58850,W,1,07,2.27,96.5,M,-34.5,M,,*48
$GNGSA,A,3,26,28,31,32,,,,,,,,,4.66,2.27,4.07*11
$GNGSA,A,3,80,73,69,,,,,,,,,,4.66,2.27,4.07*1F
$GPGSV,3,1,10,01,04,258,,03,41,297,12,04,19,307,,16,27,198,*73
$GPGSV,3,2,10,25,11,042,,26,67,182,20,28,53,048,16,29,15,074,*7F
$GPGSV,3,3,10,31,72,340,26,32,34,117,18*74
$GLGSV,2,1,07,69,17,138,19,70,84,095,,71,43,329,,73,57,233,16*67
$GLGSV,2,2,07,74,11,222,,79,07,037,14,80,60,026,23*50
$GNGLL,3902.65875,N,07730.58850,W,174904.00,A,A*68
$GNRMC,174905.00,A,3902.65827,N,07730.58888,W,0.158,,011125,,,A*78
$GNVTG,,T,,M,0.158,N,0.292,K,A*38
$GNGGA,174905.00,3902.65827,N,07730.58888,W,1,07,2.27,96.2,M,-34.5,M,,*4C
$GNGSA,A,3,26,28,31,32,,,,,,,,,4.66,2.27,4.07*11
$GNGSA,A,3,80,73,69,,,,,,,,,,4.66,2.27,4.07*1F
$GPGSV,3,1,10,01,04,258,,03,41,297,10,04,19,307,,16,27,198,*71
$GPGSV,3,2,10,25,11,042,,26,67,182,20,28,53,048,16,29,15,074,*7F
$GPGSV,3,3,10,31,72,340,26,32,34,117,18*74
$GLGSV,2,1,07,69,17,138,19,70,84,095,,71,43,329,,73,57,233,15*64
$GLGSV,2,2,07,74,11,222,,79,07,037,13,80,60,026,22*56
$GNGLL,3902.65827,N,07730.58888,W,174905.00,A,A*6B
$GNRMC,174906.00,A,3902.65710,N,07730.59033,W,1.502,,011125,,,A*73
$GNVTG,,T,,M,1.502,N,2.782,K,A*34
$GNGGA,174906.00,3902.65710,N,07730.59033,W,1,07,2.27,95.3,M,-34.5,M,,*4F
$GNGSA,A,3,26,28,31,32,,,,,,,,,4.66,2.27,4.07*11
$GNGSA,A,3,80,73,69,,,,,,,,,,4.66,2.27,4.07*1F
$GPGSV,3,1,10,01,04,258,,03,41,297,12,04,19,307,,16,27,198,*73
$GPGSV,3,2,10,25,11,042,,26,67,182,19,28,53,048,15,29,15,074,*76
$GPGSV,3,3,10,31,72,340,26,32,34,117,18*74
$GLGSV,2,1,07,69,17,138,19,70,84,095,,71,43,329,,73,57,233,14*65
$GLGSV,2,2,07,74,11,222,,79,07,037,14,80,60,026,23*50
$GNGLL,3902.65710,N,07730.59033,W,174906.00,A,A*6A
$GNRMC,174907.00,A,3902.65684,N,07730.59095,W,1.399,,011125,,,A*76
$GNVTG,,T,,M,1.399,N,2.590,K,A*31
$GNGGA,174907.00,3902.65684,N,07730.59095,W,1,07,2.27,94.3,M,-34.5,M,,*4F
$GNGSA,A,3,26,28,31,32,,,,,,,,,4.66,2.27,4.07*11
$GNGSA,A,3,80,73,69,,,,,,,,,,4.66,2.27,4.07*1F
$GPGSV,3,1,10,01,04,258,,03,41,297,16,04,19,307,,16,27,198,*77
$GPGSV,3,2,10,25,11,042,,26,67,182,20,28,53,048,14,29,15,074,*7D
$GPGSV,3,3,10,31,72,340,25,32,34,117,18*77
$GLGSV,2,1,07,69,17,138,19,70,84,095,,71,43,329,,73,57,233,11*60
$GLGSV,2,2,07,74,11,222,,79,07,037,16,80,60,026,23*52
$GNGLL,3902.65684,N,07730.59095,W,174907.00,A,A*6B
$GNRMC,174908.00,A,3902.65664,N,07730.59200,W,1.700,,011125,,,A*7D
$GNVTG,,T,,M,1.700,N,3.148,K,A*35
$GNGGA,174908.00,3902.65664,N,07730.59200,W,1,07,2.27,93.8,M,-34.5,M,,*4C
$GNGSA,A,3,26,28,31,32,,,,,,,,,4.66,2.27,4.06*10
$GNGSA,A,3,80,73,69,,,,,,,,,,4.66,2.27,4.06*1E
$GPGSV,3,1,10,01,04,258,,03,41,297,17,04,19,307,,16,27,198,*76
$GPGSV,3,2,10,25,11,042,,26,67,182,20,28,53,048,13,29,15,074,*7A
$GPGSV,3,3,10,31,72,340,26,32,34,117,18*74
$GLGSV,2,1,07,69,17,138,19,70,84,095,,71,43,329,,73,57,233,14*65
$GLGSV,2,2,07,74,11,222,,79,07,037,17,80,60,026,22*52
$GNGLL,3902.65664,N,07730.59200,W,174908.00,A,A*64
$GNRMC,174909.00,A,3902.65669,N,07730.59180,W,0.894,,011125,,,A*79
$GNVTG,,T,,M,0.894,N,1.655,K,A*3F
$GNGGA,174909.00,3902.65669,N,07730.59180,W,1,07,2.27,92.7,M,-34.5,M,,*45
$GNGSA,A,3,26,28,31,32,,,,,,,,,4.66,2.27,4.06*10
$GNGSA,A,3,80,73,69,,,,,,,,,,4.66,2.27,4.06*1E
$GPGSV,3,1,10,01,04,258,,03,41,297,16,04,19,307,,16,27,198,*77
$GPGSV,3,2,10,25,11,042,,26,67,182,20,28,53,048,13,29,15,074,*7A
$GPGSV,3,3,10,31,72,340,25,32,34,117,18*77
$GLGSV,2,1,07,69,17,138,20,70,84,095,,71,43,329,,73,57,233,16*6D
$GLGSV,2,2,07,74,11,222,,79,07,037,16,80,60,026,21*50
$GNGLL,3902.65669,N,07730.59180,W,174909.00,A,A*63
$GNRMC,174910.00,A,3902.65622,N,07730.59240,W,1.190,,011125,,,A*7D
$GNVTG,,T,,M,1.190,N,2.204,K,A*30
$GNGGA,174910.00,3902.65622,N,07730.59240,W,1,07,2.27,91.4,M,-34.5,M,,*4D
$GNGSA,A,3,26,28,31,32,,,,,,,,,4.65,2.27,4.06*13
$GNGSA,A,3,80,73,69,,,,,,,,,,4.65,2.27,4.06*1D
$GPGSV,3,1,10,01,04,258,,03,41,297,15,04,19,307,,16,27,198,*74
$GPGSV,3,2,10,25,11,042,,26,67,182,21,28,53,048,14,29,15,074,*7C
$GPGSV,3,3,10,31,72,340,25,32,34,117,18*77
$GLGSV,2,1,07,69,17,138,19,70,84,095,,71,43,329,,73,57,233,18*69
$GLGSV,2,2,07,74,11,222,,79,07,037,15,80,60,026,21*53
$GNGLL,3902.65622,N,07730.59240,W,174910.00,A,A*6B
$GNRMC,174911.00,A,3902.65609,N,07730.59264,W,1.102,,011125,,,A*78
$GNVTG,,T,,M,1.102,N,2.042,K,A*3B
$GNGGA,174911.00,3902.65609,N,07730.59264,W,1,07,2.27,90.4,M,-34.5,M,,*42
$GNGSA,A,3,26,28,31,32,,,,,,,,,4.65,2.27,4.06*13
$GNGSA,A,3,80,73,69,,,,,,,,,,4.65,2.27,4.06*1D
$GPGSV,3,1,10,01,04,258,,03,41,297,16,04,19,307,,16,27,198,*77
$GPGSV,3,2,10,25,11,042,,26,67,182,21,28,53,048,16,29,15,074,*7E
$GPGSV,3,3,10,31,72,340,26,32,34,117,18*74
$GLGSV,2,1,07,69,17,138,19,70,84,095,,71,43,329,,73,57,233,18*69
$GLGSV,2,2,07,74,11,222,,79,07,037,15,80,60,026,21*53
$GNGLL,3902.65609,N,07730.59264,W,174911.00,A,A*65
$GNRMC,174912.00,A,3902.65603,N,07730.59274,W,0.950,,011125,,,A*7E
$GNVTG,,T,,M,0.950,N,1.760,