$GPGSV,1,1,01,05,,,11,1*60
$GPGSV,1,1,01,05,,,10,1*61
$GPGSV,1,1,01,05,,,10,1*61
$GPGSV,1,1,01,05,,,10,1*61
$GPGSV,1,1,01,05,,,10,1*61
$GPGSV,1,1,01,05,,,11,1*60
$GPGSV,1,1,01,05,,,09,1*69
$GPGSV,1,1,01,05,,,10,1*61
$GPGSV,1,1,01,05,,,10,1*61
$GPGSV,1,1,01,05,,,09,1*69
$GPGSV,1,1,01,05,,,09,1*69
$GPGSV,1,1,01,05,,,10,1*61
$GPGSV,1,1,01,05,,,10,1*61
$GPGSV,1,1,01,05,,,11,1*60
$GPGSV,1,1,01,05,,,11,1*60
$GPGSV,1,1,01,05,,,11,1*60
$GPGSV,1,1,01,05,,,11,1*60
$GPGSV,1,1,01,05,,,09,1*69
$GPGSV,1,1,01,05,,,09,1*69
$GPGSV,1,1,01,05,,,10,1*61
