$GLGSV,2,1,05,69,32,125,17,70,72,355,,71,26,324,20,80,79,035,17*6F
$GLGSV,2,2,05,87,02,328,*54
$GLGSV,2,1,05,69,32,125,20,70,72,355,,71,26,324,22,80,79,035,17*69
$GLGSV,2,2,05,87,02,328,*54
$GLGSV,2,1,05,69,32,125,21,70,72,355,,71,26,324,22,80,79,035,17*68
$GLGSV,2,2,05,87,02,328,*54
$GLGSV,2,1,05,69,32,125,24,70,72,355,,71,26,324,22,80,79,035,16*6C
$GLGSV,2,2,05,87,02,328,*54
$GLGSV,2,1,05,69,32,125,23,70,72,355,,71,26,324,21,80,79,035,15*6B
$GLGSV,2,2,05,87,02,328,*54
$GLGSV,2,1,05,69,32,125,21,70,72,355,,71,26,324,19,80,79,035,13*64
$GLGSV,2,2,05,87,02,328,*54
$GLGSV,2,1,05,69,32,125,19,70,72,355,,71,26,324,20,80,79,035,11*67
$GLGSV,2,2,05,87,02,328,*54
$GLGSV,2,1,05,69,32,125,19,70,72,355,,71,26,324,19,80,79,035,14*68
$GLGSV,2,2,05,87,02,328,*54
$GLGSV,2,1,05,69,32,125,19,70,72,355,,71,26,324,21,80,79,035,15*62
$GLGSV,2,2,05,87,02,328,*54
$GLGSV,2,1,05,69,32,125,21,70,72,355,,71,26,324,20,80,79,035,16*6B
$GLGSV,2,2,05,87,02,328,*54
$GLGSV,2,1,05,69,32,125,20,70,72,355,,71,26,324,21,80,79,035,15*68
$GLGSV,2,2,05,87,02,328,*54
$GLGSV,2,1,05,69,32,125,20,70,72,355,,71,26,324,21,80,79,035,13*6E
$GLGSV,2,2,05,87,02,328,*54
$GLGSV,2,1,05,69,32,125,18,70,72,355,,71,26,324,20,80,79,035,13*64
$GLGSV,2,2,05,87,02,328,*54
$GLGSV,2,1,05,69,32,125,16,70,72,355,,71,26,324,19,80,79,035,13*60
$GLGSV,2,2,05,87,02,328,*54
$GLGSV,2,1,05,69,32,125,12,70,72,355,,71,26,324,18,80,79,035,15*63
$GLGSV,2,2,05,87,02,328,*54
$GLGSV,2,1,05,69,32,125,16,70,72,355,,71,26,324,20,80,79,035,15*6C
$GLGSV,2,2,05,87,02,328,*54
$GLGSV,2,1,05,69,32,125,17,70,72,355,,71,26,324,22,80,79,035,15*6F
$GLGSV,2,2,05,87,02,328,*54
$GLGSV,2,1,05,69,32,125,19,70,72,355,,71,26,324,23,80,79,035,18*6D
$GLGSV,2,2,05,87,02,328,*54
$GLGSV,2,1,05,69,32,125,19,70,72,355,,71,26,324,22,80,79,035,20*67
$GLGSV,2,2,05,87,02,328,*54
$GLGSV,2,1,05,69,32,125,18,70,72,355,,71,26,324,22,80,79,035,19*6C
$GLGSV,2,2,05,87,02,328,*54
$GLGSV,2,1,05,69,32,125,17,70,72,355,,71,26,324,21,80,79,035,19*60
$GLGSV,2,2,05,87,02,328,*54
$GLGSV,2,1,05,69,32,125,16,70,72,355,,71,26,324,21,80,79,035,19*61
$GLGSV,2,2,05,87,02,328,*54
$GLGSV,2,1,05,69,32,125,16,70,72,355,,71,26,324,21,80,79,035,20*6B
$GLGSV,2,2,05,87,02,328,*54
$GLGSV,2,1,05,69,32,125,17,70,72,355,,71,26,324,22,80,79,035,20*69
$GLGSV,2,2,05,87,02,328,*54
$GLGSV,2,1,05,69,32,125,19,70,72,355,,71,26,324,22,80,79,035,20*67
$GLGSV,2,2,05,87,02,328,*54
$GLGSV,2,1,05,69,32,125,19,70,72,355,,71,26,324,21,80,79,035,21*65
$GLGSV,2,2,05,87,02,328,*54
$GLGSV,2,1,05,69,32,125,18,70,72,355,,71,26,324,20,80,79,035,20*64
$GLGSV,2,2,05,87,02,328,*54
$GLGSV,2,1,05,69,32,125,17,70,72,355,,71,26,324,19,80,79,035,20*61
$GLGSV,2,2,05,87,02,328,*54
$GLGSV,2,1,05,69,32,125,16,70,72,355,,71,26,324,18,80,79,035,19*6B
$GLGSV,2,2,05,87,02,328,*54
$GLGSV,2,1,05,69,32,126,17,70,72,355,,71,26,324,15,80,79,035,21*6F
$GLGSV,2,2,05,87,02,328,*54
$GLGSV,2,1,05,69,32,126,18,70,72,356,,71,26,324,17,80,79,035,23*63
$GLGSV,2,2,05,87,02,328,*54
$GLGSV,2,1,05,69,32,126,20,70,72,356,,71,27,325,17,80,79,035,23*68
$GLGSV,2,2,05,87,02,328,*54
$GLGSV,2,1,05,69,32,126,21,70,72,356,,71,27,325,18,80,79,035,23*66
$GLGSV,2,2,05,87,02,328,*54
$GLGSV,2,1,05,69,32,126,21,70,72,356,,71,27,325,18,80,79,034,22*66
$GLGSV,2,2,05,87,02,328,*54
$GLGSV,2,1,05,69,32,126,20,70,72,356,,71,27,325,18,80,79,034,22*67
$GLGSV,2,2,05,87,02,328,*54
$GLGSV,2,1,05,69,32,126,20,70,72,356,,71,27,325,17,80,79,034,21*6B
$GLGSV,2,2,05,87,02,328,*54
$GLGSV,2,1,05,69,32,126,20,70,72,356,,71,27,325,18,80,79,034,21*64
$GLGSV,2,2,05,87,02,328,*54
$GLGSV,2,1,05,69,32,126,22,70,72,356,,71,27,325,19,80,79,034,21*67
$GLGSV,2,2,05,87,02,328,*54
$GLGSV,2,1,05,69,32,126,23,70,72,356,,71,27,325,19,80,79,034,22*65
$GLGSV,2,2,05,87,02,328,*54
$GLGSV,2,1,05,69,32,126,22,70,72,356,,71,27,325,19,80,79,034,22*64
$GLGSV,2,2,05,87,02,328,*54
$GLGSV,2,1,05,69,32,126,19,70,72,356,,71,27,325,18,80,79,034,21*6E
$GLGSV,2,2,05,87,02,327,*5B
$GLGSV,2,1,05,69,32,126,18,70,72,356,,71,27,325,18,80,79,034,20*6E
$GLGSV,2,2,05,87,02,327,*5B
$GLGSV,2,1,05,69,32,126,16,70,72,356,,71,27,325,17,80,79,034,20*6F
$GLGSV,2,2,05,87,02,327,*5B
$GLGSV,2,1,05,69,32,126,15,70,72,356,,71,27,325,18,80,79,034,19*69
$GLGSV,2,2,05,87,02,327,*5B
$GLGSV,2,1,05,69,32,126,14,70,72,356,,71,27,325,17,80,79,034,20*6D
$GLGSV,2,2,05,87,02,327,*5B
$GLGSV,2,1,05,69,32,126,11,70,72,356,,71,27,325,19,80,79,034,19*6C
$GLGSV,2,2,05,87,02,327,*5B
$GLGSV,2,1,05,69,32,126,09,70,72,356,,71,27,325,18,80,79,034,20*6E
$GLGSV,2,2,05,87,02,327,*5B
$GLGSV,2,1,05,69,32,126,11,70,72,356,,71,27,325,18,80,79,034,22*65
$GLGSV,2,2,05,87,02,327,*5B
$GLGSV,2,1,05,69,32,126,18,70,72,356,,71,27,325,20,80,79,034,23*66
$GLGSV,2,2,05,87,02,327,*5B
$GLGSV,2,1,05,69,32,126,17,70,72,356,,71,27,325,21,80,79,034,23*68
$GLGSV,2,2,05,87,02,327,*5B
$GLGSV,2,1,05,69,32,126,15,70,72,356,,71,27,325,22,80,79,034,22*68
$GLGSV,2,2,05,87,02,327,*5B
$GLGSV,2,1,05,69,32,126,19,70,72,356,,71,27,325,22,80,79,034,20*66
$GLGSV,2,2,05,87,02,327,*5B
$GLGSV,2,1,05,69,32,126,20,70,72,356,,71,27,325,22,80,79,034,19*66
$GLGSV,2,2,05,87,02,327,*5B
$GLGSV,2,1,05,69,32,126,21,70,72,356,,71,27,325,22,80,79,034,18*66
$GLGSV,2,2,05,87,02,327,*5B
$GLGSV,2,1,05,69,32,126,21,70,72,356,,71,27,325,22,80,79,034,17*69
$GLGSV,2,2,05,87,02,327,*5B
$GLGSV,2,1,05,69,32,126,21,70,72,356,,71,27,325,22,80,79,034,16*68
$GLGSV,2,2,05,87,02,327,*5B
$GLGSV,2,1,05,69,32,126,21,70,72,356,,71,27,325,22,80,79,034,16*68
$GLGSV,2,2,05,87,02,327,*5B
$GLGSV,2,1,05,69,32,126,23,70,72,356,,71,27,325,23,80,79,034,17*6A
$GLGSV,2,2,05,87,02,327,*5B
$GLGSV,2,1,05,69,32,126,25,70,72,356,,71,27,325,25,80,79,034,19*64
$GLGSV,2,2,05,87,02,327,*5B
$GLGSV,2,1,05,69,32,126,27,70,72,356,,71,27,325,27,80,79,034,19*64
$GLGSV,2,2,05,87,02,327,*5B
$GLGSV,2,1,05,69,32,126,28,70,72,356,,71,27,325,27,80,79,034,20*61
$GLGSV,2,2,05,87,02,327,*5B
$GLGSV,2,1,05,69,32,126,27,70,72,356,,71,27,325,26,80,79,034,18*64
$GLGSV,2,2,05,87,02,327,*5B
$GLGSV,2,1,05,69,32,126,27,70,72,356,,71,27,325,26,80,79,034,18*64
$GLGSV,2,2,05,87,02,327,*5B
$GLGSV,2,1,05,69,32,126,26,70,72,356,,71,27,325,25,80,79,034,15*6B
$GLGSV,2,2,05,87,02,327,*5B
$GLGSV,2,1,05,69,32,126,26,70,72,356,,71,27,325,25,80,79,034,13*6D
$GLGSV,2,2,05,87,02,327,*5B
$GLGSV,2,1,05,69,32,126,27,70,72,356,,71,27,325,26,80,79,034,13*6F
$GLGSV,2,2,05,87,02,327,*5B
$GLGSV,2,1,05,69,32,126,27,70,72,356,,71,27,325,26,80,79,034,15*69
$GLGSV,2,2,05,87,02,327,*5B
$GLGSV,2,1,05,69,32,126,27,70,72,356,,71,27,325,26,80,79,034,15*69
$GLGSV,2,2,05,87,02,327,*5B
$GLGSV,2,1,05,69,32,126,26,70,72,356,,71,27,325,25,80,79,034,16*68
$GLGSV,2,2,05,87,02,327,*5B
$GLGSV,2,1,05,69,32,126,24,70,72,356,,71,27,325,23,80,79,034,17*6D
$GLGSV,2,2,05,87,02,327,*5B
